/*--------------------------------*- C++ -*----------------------------------*\
| =========                 |                                                 |
| \\      /  F ield         | OpenFOAM: The Open Source CFD Toolbox           |
|  \\    /   O peration     | Version:  v2012                                 |
|   \\  /    A nd           | Website:  www.openfoam.com                      |
|    \\/     M anipulation  |                                                 |
\*---------------------------------------------------------------------------*/
FoamFile
{
    version     2.0;
    format      ascii;
    class       volScalarField;
    location    "0";
    object      Cz;
}
// * * * * * * * * * * * * * * * * * * * * * * * * * * * * * * * * * * * * * //

dimensions      [0 1 0 0 0 0 0];


internalField   nonuniform List<scalar> 
15800
(
0
0
1.02799e-18
0
0
0
4.81868e-20
0
0
0
0
0
0
0
0
0
-1.88424e-18
-9.61953e-19
0
0
0
-1.84203e-18
0
0
0
0
-2.67708e-18
0
0
0
0
0
9.00364e-19
0
1.73676e-18
0
0
0
0
0
0
0
0
0
0
0
0
0
0
0
-2.44755e-18
-3.21673e-18
0
0
0
0
0
0
0
-4.81868e-20
0
0
0
-4.81868e-20
-3.76792e-18
0
-7.75696e-19
0
0
0
8.10471e-19
0
2.21883e-18
0
0
-2.18941e-18
6.46254e-19
0
0
0
1.41146e-18
-4.81868e-20
0
0
0
0
0
0
0
0
0
0
0
1.33146e-18
0
0
0
0
0
0
0
0
0
0
0
0
-1.25615e-18
0
0
-4.81868e-20
0
2.45676e-18
0
0
0
0
1.20125e-18
0
0
0
0
0
0
0
0
-2.25975e-18
0
0
0
-2.26716e-18
4.81868e-20
0
0
0
0
0
-4.81868e-20
0
0
0
1.07944e-18
0
2.13977e-18
0
0
0
4.81868e-20
0
0
0
0
0
0
-9.63735e-20
9.87716e-19
0
0
9.63735e-20
0
0
0
0
-9.55154e-19
0
0
0
0
-9.35409e-19
0
0
0
0
-9.63735e-20
0
0
0
-9.63735e-20
0
-9.63735e-20
0
3.35194e-18
0
-9.63735e-20
0
0
0
0
0
0
-9.63735e-20
-3.20834e-18
0
0
0
9.63735e-20
1.5695e-18
0
0
0
0
0
0
0
0
-9.63735e-20
0
0
-2.08972e-18
4.25642e-18
1.47662e-18
0
0
9.63735e-20
0
0
0
0
0
-1.42002e-18
0
0
0
-2.79124e-18
0
0
2.8516e-18
0
9.63735e-20
0
0
0
0
0
0
-2.65016e-18
0
-1.3137e-18
0
0
0
0
-9.63735e-20
0
-1.2747e-18
0
-1.26379e-18
0
2.40957e-18
0
0
0
0
0
0
0
0
0
0
0
-3.47416e-18
0
0
0
0
0
0
9.63735e-20
0
0
0
0
0
9.63735e-20
0
0
1.11172e-18
0
0
0
-9.63735e-20
0
1.08377e-18
0
-2.05288e-18
0
0
0
0
0
0
1.04328e-18
1.03889e-18
0
0
0
0
0
9.63735e-20
0
0
0
0
-1.74857e-18
-3.48179e-18
0
0
0
0
0
3.39126e-18
9.63735e-20
1.68082e-18
9.63735e-20
0
0
1.65161e-18
3.28878e-18
-3.27441e-18
-9.63735e-20
2.48259e-18
0
8.52586e-19
2.45086e-18
0
0
0
0
0
0
3.83568e-18
0
-7.2184e-19
1.43698e-18
1.52668e-18
0
0
0
0
0
0
0
0
-9.63735e-20
0
0
0
0
0
0
0
0
0
1.50206e-18
0
2.78712e-18
1.38754e-18
0
-9.63735e-20
0
0
-2.71571e-18
0
0
-1.34037e-18
0
0
9.63735e-20
0
0
0
0
-1.3913e-18
-2.48235e-18
0
0
-2.54566e-18
-1.36374e-18
0
-1.25653e-18
0
0
2.38452e-18
0
0
0
1.21936e-18
0
0
-3.515e-18
-1.10228e-18
0
0
0
2.26029e-18
0
0
-9.63735e-20
2.22039e-18
-9.63735e-20
0
-2.19096e-18
0
0
-1.12915e-18
0
-1.11959e-18
3.24814e-18
0
0
0
1.09606e-18
1.09142e-18
3.16404e-18
0
0
0
-1.06854e-18
-1.06403e-18
0
0
-9.63735e-20
0
9.63735e-20
9.63735e-20
1.96968e-18
-1.96099e-18
-1.02435e-18
0
-1.01576e-18
-1.01149e-18
9.63735e-20
0
0
-9.94622e-19
0
0
-9.63735e-20
0
0
0
0
-2.88542e-18
3.73479e-18
0
0
0
9.63735e-20
-1.7796e-18
9.34079e-19
-1.76401e-18
-4.81868e-20
8.58446e-19
0
1.6064e-18
0
8.44396e-19
0
0
0
0
-8.27198e-19
9.63735e-20
0
0
0
0
2.2285e-18
0
0
8.93605e-19
0
0
0
0
9.63735e-20
0
0
0
0
4.20675e-18
0
5.49519e-18
-1.41583e-18
2.81942e-18
0
0
0
0
0
0
-1.36763e-18
0
0
0
2.68838e-18
0
-1.42901e-18
0
0
0
2.61969e-18
0
0
9.63735e-20
3.76605e-18
3.74946e-18
0
0
3.70017e-18
9.63735e-20
0
0
2.48792e-18
-1.14226e-18
0
-1.22806e-18
0
0
0
0
0
0
0
0
0
0
0
-2.4296e-18
1.16164e-18
-1.1567e-18
-1.24815e-18
-9.63735e-20
-1.23838e-18
0
0
0
2.14908e-18
0
0
-9.63735e-20
-1.00743e-18
-1.09913e-18
0
-2.08332e-18
0
0
0
0
0
0
0
-9.63735e-20
0
0
-9.43912e-19
0
0
-2.98524e-18
0
-9.63735e-20
0
1.01004e-18
0
0
0
0
0
0
0
-2.83362e-18
0
2.71279e-18
9.63735e-20
0
0
9.52434e-19
0
0
0
0
9.63735e-20
0
0
-9.2116e-19
0
0
0
0
0
0
0
8.91029e-19
0
0
9.63735e-20
8.76379e-19
0
-8.69156e-19
3.26953e-18
0
0
-1.49587e-18
0
0
-9.63735e-20
0
-1.46369e-18
0
0
0
0
-2.76814e-18
2.75574e-18
0
0
0
-9.63735e-20
0
0
1.38345e-18
0
0
1.26924e-18
0
0
0
0
0
0
0
2.63849e-18
1.31357e-18
0
2.41185e-18
0
0
-1.28559e-18
0
0
0
0
0
0
0
1.24214e-18
1.23682e-18
0
0
0
0
0
0
0
-1.19516e-18
2.28375e-18
9.63735e-20
0
0
0
-1.16492e-18
0
0
0
0
0
0
-1.22705e-18
0
0
0
0
0
0
0
0
-9.63735e-20
0
0
0
0
0
0
0
0
0
-1.98999e-18
0
0
0
0
0
-2.03424e-18
0
0
1.91235e-18
0
0
0
0
0
0
0
0
0
0
0
0
0
2.64858e-18
0
9.63735e-20
0
0
0
0
0
0
0
9.63735e-20
0
0
0
-9.63735e-20
2.47656e-18
0
0
0
0
0
0
-3.36103e-18
2.48598e-18
0
0
0
0
0
-8.39744e-19
0
0
-9.63735e-20
0
0
0
0
0
0
0
0
0
0
0
0
0
0
0
-1.44824e-18
-1.44241e-18
0
0
0
0
0
0
0
0
0
0
0
0
0
0
0
0
0
0
0
0
0
0
0
0
-2.41767e-18
0
0
0
-2.28028e-18
0
0
0
0
0
0
0
2.29687e-18
0
0
0
0
0
0
0
0
9.63735e-20
0
1.09596e-18
2.18263e-18
0
0
9.63735e-20
0
0
0
9.63735e-20
0
0
-9.63735e-20
0
2.07459e-18
0
1.96079e-18
0
-9.23576e-19
0
0
-9.10776e-19
0
-1.99743e-18
0
0
0
-2.84986e-18
0
0
0
0
0
0
8.57328e-19
1.80307e-18
0
1.78727e-18
0
9.33991e-19
0
1.75609e-18
0
2.5629e-18
0
0
0
0
0
0
0
0
0
0
1.6587e-18
0
0
0
0
0
0
0
0
0
0
0
0
0
0
0
0
0
0
0
0
1.51329e-18
-2.11551e-18
0
0
0
0
0
0
0
0
0
-2.88521e-18
0
2.86028e-18
0
0
0
0
-9.63735e-20
0
-2.77481e-18
4.81868e-20
0
-1.27084e-18
0
-2.42356e-18
0
0
2.58405e-18
0
2.46642e-18
0
2.34899e-18
2.43491e-18
0
0
2.30747e-18
0
4.67035e-18
0
2.36308e-18
1.1765e-18
2.2466e-18
0
0
0
3.35863e-18
0
0
0
0
0
-9.63735e-20
0
0
0
0
0
0
0
0
0
0
0
0
0
-2.01945e-18
-1.05345e-18
-9.63735e-20
0
-2.92781e-18
-1.97524e-18
0
-9.63735e-20
0
0
-1.01421e-18
0
0
0
0
0
-9.88942e-19
-1.87322e-18
-1.96135e-18
0
0
0
0
-9.60344e-19
9.56334e-19
0
0
0
0
9.36563e-19
-9.63735e-20
0
0
3.49154e-18
1.73812e-18
3.461e-18
9.09643e-19
2.62123e-18
0
0
-2.4912e-18
0
2.46902e-18
0
-8.79933e-19
0
0
0
2.50009e-18
0
-8.58365e-19
0
0
-1.59924e-18
0
8.40845e-19
0
0
0
0
0
0
0
0
0
-9.63735e-20
-3.02208e-18
0
0
-1.49144e-18
0
-2.95703e-18
0
-9.63735e-20
-9.63735e-20
-9.63735e-20
0
0
1.43423e-18
0
0
0
-9.63735e-20
0
0
-1.48774e-18
-1.28899e-18
9.63735e-20
1.37342e-18
0
0
0
0
0
0
9.63735e-20
0
1.32106e-18
1.31537e-18
0
1.30409e-18
0
0
0
0
0
1.17982e-18
2.15683e-18
1.16978e-18
-3.39803e-18
-9.63735e-20
9.63735e-20
0
0
0
0
-1.13057e-18
0
0
0
9.63735e-20
0
0
0
0
0
0
0
2.05247e-18
1.06988e-18
0
-1.06086e-18
3.07279e-18
0
0
0
9.63735e-20
1.97226e-18
0
0
0
-1.01702e-18
0
0
0
0
0
1.98337e-18
-9.63735e-20
0
0
2.82916e-18
0
-1.8377e-18
-3.75562e-18
2.78055e-18
-9.54972e-19
0
0
1.88614e-18
2.72105e-18
-9.63735e-20
-3.62898e-18
-1.75855e-18
-9.23605e-19
-9.63735e-20
0
-9.12141e-19
0
0
-9.00835e-19
2.59493e-18
-1.78677e-18
9.63735e-20
0
-3.33661e-18
-1.75738e-18
0
0
0
-1.63216e-18
0
3.23588e-18
0
0
0
-9.63735e-20
0
-8.36216e-19
8.32782e-19
2.29535e-18
0
0
-9.63735e-20
0
0
8.09188e-19
-1.51539e-18
3.11397e-18
0
9.63735e-20
0
9.63735e-20
0
1.46992e-18
0
1.4572e-18
0
0
0
0
1.42591e-18
0
-2.73083e-18
9.63735e-20
0
0
0
0
9.63735e-20
9.63735e-20
1.36548e-18
0
0
0
-2.58779e-18
-1.3363e-18
9.63735e-20
2.64964e-18
0
3.84395e-18
0
0
0
2.58201e-18
9.63735e-20
0
-2.45252e-18
0
1.26354e-18
1.25812e-18
1.3491e-18
-1.24736e-18
0
0
4.7329e-18
0
0
-9.63735e-20
1.21049e-18
0
0
0
0
-9.63735e-20
0
1.98967e-18
0
0
0
-1.07287e-18
0
-9.63735e-20
0
3.06823e-18
-2.00446e-18
1.99561e-18
9.63735e-20
1.88165e-18
-3.00212e-18
0
0
0
-1.01557e-18
1.92623e-18
0
0
9.98619e-19
0
9.90264e-19
0
2.84958e-18
0
0
0
0
1.7305e-18
0
-9.63735e-20
0
-1.79497e-18
0
0
-3.54286e-18
-9.63735e-20
0
0
0
0
-8.14474e-19
0
0
0
1.69529e-18
0
-9.63735e-20
0
8.81094e-19
3.41343e-18
0
-3.28813e-18
0
7.66678e-19
0
-8.55952e-19
0
0
0
-1.58752e-18
0
0
-9.63735e-20
0
0
0
0
0
-8.11377e-19
0
0
-9.63735e-20
0
-3.08338e-18
0
0
0
0
0
0
0
-9.63735e-20
0
-2.85999e-18
0
4.15656e-18
-9.63735e-20
-9.63735e-20
-1.39933e-18
0
2.77454e-18
0
-1.47169e-18
-9.63735e-20
0
0
-1.35173e-18
-1.34591e-18
0
0
0
0
0
0
0
1.30026e-18
0
0
2.56715e-18
-1.27807e-18
0
0
0
-1.15991e-18
0
0
0
-2.46979e-18
2.45922e-18
9.63735e-20
0
1.31028e-18
1.30509e-18
9.63735e-20
0
0
1.18821e-18
2.26992e-18
9.63735e-20
0
0
-1.16311e-18
9.63735e-20
-2.40283e-18
0
9.63735e-20
-9.63735e-20
0
0
-2.15191e-18
-1.11937e-18
-1.11462e-18
0
-2.11401e-18
1.10051e-18
0
-1.88366e-18
0
9.63735e-20
1.00139e-18
0
0
-8.92474e-19
-9.84705e-19
-2.84537e-18
1.85658e-18
1.84841e-18
-9.63735e-20
0
9.63735e-20
0
-9.52253e-19
0
-1.79228e-18
0
0
0
8.3232e-19
0
0
1.73794e-18
0
0
0
0
0
0
-8.90861e-19
0
0
9.63735e-20
0
9.63735e-20
9.63735e-20
0
0
0
0
0
9.63735e-20
0
0
0
0
0
0
0
0
0
0
0
-9.63735e-20
-3.72904e-18
0
0
0
1.48481e-18
0
0
0
0
0
0
0
-1.33772e-18
0
-9.63735e-20
-9.63735e-20
-9.63735e-20
0
0
-1.39123e-18
0
0
0
-2.63835e-18
-9.63735e-20
0
0
-1.34393e-18
0
9.63735e-20
0
-1.4173e-18
0
0
0
-9.63735e-20
0
2.57444e-18
-1.28169e-18
2.55239e-18
-9.63735e-20
0
0
1.15807e-18
-1.24907e-18
0
3.71518e-18
0
0
2.44513e-18
0
0
-2.41391e-18
0
0
-2.28676e-18
0
2.36285e-18
3.33641e-18
0
2.2364e-18
0
0
4.41348e-18
-3.43998e-18
0
0
0
3.38189e-18
0
0
0
0
9.63735e-20
0
0
0
0
0
1.07587e-18
-2.14264e-18
0
0
0
-1.05335e-18
-2.00144e-18
0
0
0
-1.03135e-18
1.02701e-18
0
0
-9.63735e-20
0
1.77391e-18
2.69737e-18
0
1.84704e-18
0
8.19484e-19
0
0
-2.61713e-18
0
0
0
0
0
0
-3.32169e-18
1.74996e-18
0
0
-8.64187e-19
0
0
0
0
0
0
8.39587e-19
0
0
0
0
-3.09725e-18
1.54188e-18
-2.35095e-18
0
7.12739e-19
4.44933e-18
0
0
-7.95972e-19
0
0
0
0
1.55978e-18
2.91411e-18
0
0
1.4382e-18
0
9.63735e-20
0
0
1.40735e-18
2.8989e-18
0
0
0
-9.63735e-20
0
0
1.35946e-18
0
9.63735e-20
-1.34195e-18
0
0
-1.32469e-18
-1.31899e-18
0
0
0
9.63735e-20
-1.29088e-18
0
0
9.63735e-20
-2.53771e-18
-2.52683e-18
0
9.63735e-20
0
-1.2419e-18
-1.23658e-18
0
-1.22602e-18
0
-3.55031e-18
-9.63735e-20
-9.63735e-20
2.4001e-18
0
0
0
0
-9.63735e-20
0
0
0
0
-2.29977e-18
1.14499e-18
0
0
0
-1.02929e-18
2.24177e-18
2.23226e-18
-1.1114e-18
0
0
0
2.18537e-18
0
0
0
0
-4.18274e-18
0
0
0
0
0
0
-9.63735e-20
0
0
-1.02553e-18
1.02122e-18
-9.63735e-20
0
0
1.00417e-18
0
0
-9.63735e-20
0
0
0
-8.7871e-19
-9.63735e-20
0
9.63735e-20
-9.63735e-20
0
0
-3.59497e-18
0
-2.62441e-18
0
0
0
0
0
0
9.63735e-20
9.63735e-20
-4.0166e-18
-2.32248e-18
9.63735e-20
0
2.29163e-18
0
1.54632e-18
0
0
0
-8.07983e-19
-1.51299e-18
0
0
2.38459e-18
0
-2.86446e-18
-2.85161e-18
-1.4676e-18
0
0
0
0
0
0
0
0
0
-2.90692e-18
0
0
-9.63735e-20
9.63735e-20
0
0
0
-9.63735e-20
-2.79958e-18
0
-1.53272e-18
-2.57204e-18
0
2.64548e-18
-1.31705e-18
-3.93415e-18
-1.40212e-18
-2.50389e-18
0
0
0
-9.63735e-20
1.27246e-18
0
0
0
0
-1.24542e-18
2.48017e-18
-1.23478e-18
0
0
0
0
0
2.31051e-18
-1.10193e-18
1.19319e-18
0
-2.36606e-18
-2.2596e-18
0
1.16797e-18
0
0
0
1.14821e-18
1.14333e-18
-1.0421e-18
2.1709e-18
1.2252e-18
0
2.04578e-18
0
9.63735e-20
0
-1.1004e-18
9.63735e-20
9.94732e-19
0
1.08189e-18
0
0
0
0
-9.63735e-20
1.05477e-18
0
3.0413e-18
0
0
2.06546e-18
0
0
1.01975e-18
2.85366e-18
0
0
-1.00273e-18
1.90067e-18
0
1.78759e-18
-8.89647e-19
0
1.85919e-18
2.8247e-18
0
0
3.74976e-18
0
0
0
0
-9.63735e-20
-9.37718e-19
9.33813e-19
-2.69341e-18
-1.75574e-18
0
-9.18374e-19
-9.63735e-20
0
0
0
-2.60205e-18
-1.69512e-18
0
9.63735e-20
-9.63735e-20
-9.63735e-20
0
8.73744e-19
0
0
-1.51074e-18
0
0
0
0
-2.95645e-18
1.27906e-18
0
0
0
-1.25371e-18
9.63735e-20
0
0
0
-9.63735e-20
0
0
-4.09502e-18
0
0
0
0
0
0
0
0
0
0
0
0
0
0
0
0
0
0
0
0
0
0
0
0
-1.25432e-18
0
0
0
0
0
0
9.63735e-20
1.21202e-18
0
0
0
0
0
0
-9.63735e-20
0
0
2.22624e-18
-1.15636e-18
0
0
1.14167e-18
0
0
0
1.1224e-18
0
0
0
0
0
0
9.63735e-20
0
0
0
0
0
0
0
-1.05325e-18
0
0
0
0
0
-1.02691e-18
0
1.01829e-18
0
-2.83651e-18
0
0
0
0
9.63735e-20
0
0
0
0
0
0
0
0
-2.76011e-18
-1.80001e-18
-9.63735e-20
0
0
0
0
0
0
-9.63735e-20
0
9.63735e-20
0
0
0
0
0
0
0
0
0
8.72512e-19
0
0
0
0
0
0
9.63735e-20
0
0
8.37233e-19
-2.40501e-18
0
-9.63735e-20
0
0
0
-9.63735e-20
0
-3.74516e-18
0
0
-1.38904e-18
0
0
0
0
0
0
0
0
0
0
0
0
0
0
0
0
0
0
0
0
0
0
0
0
0
0
0
0
0
0
0
0
0
0
0
0
0
0
0
0
0
0
0
0
0
0
0
0
0
0
0
0
0
0
0
0
0
0
0
0
-2.13935e-18
0
0
1.05619e-18
0
1.90185e-18
0
0
0
0
0
0
0
-9.63735e-20
0
0
0
0
0
0
0
0
0
-2.91274e-18
0
0
0
0
0
0
0
0
0
0
9.27287e-19
0
0
0
0
0
0
0
0
0
0
0
0
0
0
0
0
0
0
0
0
0
0
0
0
-9.63735e-20
0
0
0
0
0
0
0
0
0
0
0
0
0
0
0
0
0
0
0
0
0
0
0
0
0
0
0
0
0
-1.28332e-18
-9.63735e-20
0
1.26687e-18
-9.63735e-20
0
1.34703e-18
2.39422e-18
0
-9.63735e-20
-1.22937e-18
0
2.24501e-18
1.1173e-18
0
0
-3.49818e-18
2.28977e-18
0
0
2.35574e-18
0
0
0
0
0
0
0
0
1.03715e-18
0
1.12392e-18
0
0
-3.23267e-18
0
0
0
0
3.0664e-18
-9.63735e-20
0
4.19428e-18
0
0
1.05913e-18
9.63735e-20
-2.10043e-18
0
1.04138e-18
9.63735e-20
-9.63735e-20
-1.02829e-18
9.27587e-19
0
0
-1.01111e-18
9.63735e-20
0
0
9.94242e-19
-1.88378e-18
0
-9.81798e-19
0
-2.72805e-18
0
0
1.92288e-18
-9.63735e-20
9.53429e-19
-9.49452e-19
0
0
-9.37629e-19
3.63852e-18
0
0
0
-9.63735e-20
0
0
-3.53121e-18
-9.63735e-20
-3.50119e-18
0
0
0
0
-1.66548e-18
9.63735e-20
8.73662e-19
0
-3.36948e-18
-3.16244e-18
-9.63735e-20
0
1.60816e-18
0
0
8.4179e-19
0
0
-7.35086e-19
-8.28048e-19
0
-8.21272e-19
-2.26098e-18
0
0
0
-2.22107e-18
0
0
0
0
0
0
0
0
-1.45476e-18
-1.44845e-18
0
9.63735e-20
0
9.63735e-20
0
0
-1.30876e-18
0
0
0
-1.28463e-18
0
-2.73822e-18
0
0
0
0
0
0
1.32833e-18
9.63735e-20
9.63735e-20
0
2.61124e-18
3.90002e-18
-1.29442e-18
0
0
-1.18625e-18
2.16964e-18
0
0
0
1.16119e-18
0
0
0
0
0
-9.63735e-20
0
0
-2.13869e-18
0
9.63735e-20
9.63735e-20
0
0
3.1719e-18
0
0
0
0
0
9.63735e-20
0
0
0
0
-9.63735e-20
-1.03551e-18
0
1.02681e-18
0
0
-2.849e-18
0
0
9.63735e-20
0
0
9.88658e-19
0
0
0
0
0
-2.79592e-18
0
0
-2.66347e-18
0
0
0
0
0
0
0
4.41131e-18
2.55821e-18
3.45996e-18
0
0
0
0
0
-1.68501e-18
0
0
0
0
0
-3.28257e-18
-3.26823e-18
0
0
0
2.45683e-18
0
0
0
0
8.33717e-19
0
0
0
0
0
0
0
0
0
0
-2.99499e-18
0
-2.08222e-18
1.57445e-18
0
0
0
0
0
0
0
0
0
0
0
0
0
0
0
0
0
0
0
1.35532e-18
0
2.68733e-18
0
0
0
0
0
0
0
0
0
0
0
0
0
0
0
0
0
0
0
-1.23285e-18
3.58636e-18
0
0
0
0
0
0
0
0
0
-9.63735e-20
9.63735e-20
0
0
-2.14822e-18
0
0
0
0
0
-1.0472e-18
0
0
0
0
-1.02533e-18
0
0
0
0
0
0
0
0
0
0
0
0
0
-1.83715e-18
-1.82907e-18
0
0
9.50715e-19
0
0
3.56275e-18
0
0
0
0
1.74264e-18
1.73499e-18
0
0
0
0
2.59417e-18
0
0
-8.85753e-19
0
0
8.74813e-19
1.54965e-18
8.67604e-19
0
0
0
0
-9.63735e-20
9.63735e-20
0
0
0
-1.56872e-18
0
0
0
0
-3.78899e-18
0
8.08961e-19
8.05654e-19
-3.0167e-18
0
0
1.58516e-18
-9.63735e-20
0
0
0
9.63735e-20
0
0
0
1.43169e-18
0
1.41932e-18
0
1.50344e-18
0
0
0
0
0
1.46737e-18
0
0
0
0
0
0
-1.23378e-18
0
-1.31873e-18
1.40943e-18
0
9.63735e-20
0
0
0
0
0
0
3.69313e-18
0
0
0
1.24166e-18
0
0
-2.45157e-18
0
9.63735e-20
0
0
-3.50308e-18
-1.1947e-18
0
0
0
0
1.16944e-18
0
0
0
-9.63735e-20
0
0
-2.17375e-18
0
0
0
0
0
0
-2.83065e-18
0
-1.01527e-18
-2.84028e-18
1.00676e-18
0
-9.01959e-19
9.63735e-20
0
0
0
0
0
0
0
1.82632e-18
0
0
-1.89872e-18
0
9.41462e-19
0
0
0
0
0
-2.65823e-18
0
0
5.05537e-18
9.63735e-20
-1.70224e-18
0
0
0
-7.88129e-19
0
1.65803e-18
0
0
0
0
-9.63735e-20
0
0
0
8.45187e-19
0
2.32201e-18
8.34809e-19
0
0
0
0
2.26075e-18
-3.06518e-18
0
0
2.31722e-18
2.40373e-18
0
0
0
0
0
0
-1.46095e-18
0
0
0
-9.63735e-20
-9.63735e-20
-9.63735e-20
0
0
0
0
-2.68938e-18
-2.77372e-18
-1.47724e-18
-1.47128e-18
0
0
0
-2.6063e-18
0
0
0
0
0
-2.63358e-18
1.4075e-18
-9.63735e-20
0
0
0
0
1.27769e-18
0
0
-1.26132e-18
-1.25591e-18
0
-2.39397e-18
2.47968e-18
3.60723e-18
0
0
1.21876e-18
0
0
-1.20321e-18
3.49783e-18
2.38591e-18
0
2.3656e-18
0
2.2491e-18
0
0
-1.15782e-18
0
0
0
0
4.43729e-18
0
0
-1.11904e-18
-1.1143e-18
4.34192e-18
2.20974e-18
0
-9.99158e-19
9.63735e-20
-2.07618e-18
4.23036e-18
-1.07711e-18
0
0
3.09418e-18
-2.98434e-18
-1.05456e-18
0
0
0
-1.0369e-18
0
0
-9.27489e-19
0
0
0
0
0
0
-2.67733e-18
9.63735e-20
3.47484e-18
9.13089e-19
0
0
-9.63735e-20
-9.63735e-20
0
3.36969e-18
0
-9.63735e-20
-8.79601e-19
0
0
0
0
-1.62681e-18
0
0
0
0
9.63735e-20
8.4053e-19
1.67415e-18
0
0
1.55725e-18
-9.63735e-20
9.63735e-20
0
2.34366e-18
0
9.63735e-20
0
0
-2.10146e-18
0
0
0
0
0
0
0
0
0
4.20463e-18
0
0
0
1.40901e-18
0
0
1.39082e-18
0
1.28246e-18
0
0
-9.63735e-20
0
0
0
-9.63735e-20
0
-1.42262e-18
0
0
0
0
0
0
-1.28684e-18
0
0
-3.71466e-18
0
0
0
0
-1.24335e-18
0
0
0
0
0
0
0
0
0
0
0
0
0
0
0
1.06471e-18
0
-1.15122e-18
0
0
0
0
0
1.12218e-18
-1.11742e-18
0
0
0
0
0
0
0
9.63735e-20
0
0
0
0
0
9.63735e-20
0
0
0
9.63735e-20
1.03105e-18
0
-2.04479e-18
0
-1.01382e-18
9.63735e-20
0
-1.0011e-18
-9.63735e-20
0
0
-9.63735e-20
-1.9606e-18
0
0
0
9.64005e-19
0
-9.5597e-19
9.51981e-19
9.63735e-20
1.66035e-18
1.74946e-18
-1.74224e-18
-8.67522e-19
0
0
3.23459e-18
0
0
0
0
0
1.57543e-18
0
-2.29441e-18
3.93552e-18
0
0
0
0
8.08886e-19
0
0
0
0
0
1.48217e-18
0
0
0
9.63735e-20
1.45031e-18
0
0
1.52792e-18
-9.63735e-20
0
-9.63735e-20
-2.81386e-18
0
-2.78959e-18
1.48514e-18
0
0
9.63735e-20
9.63735e-20
-9.63735e-20
0
-1.92747e-19
0
-1.33578e-18
2.66005e-18
-1.3243e-18
0
0
0
-1.30166e-18
-9.63735e-20
2.48462e-18
0
0
1.27395e-18
0
0
0
2.50448e-18
0
2.48307e-18
-2.47244e-18
2.36549e-18
0
0
9.63735e-20
0
0
0
-2.38916e-18
-2.28259e-18
1.18441e-18
0
0
1.07296e-18
0
0
0
-1.05318e-18
1.14466e-18
0
0
-9.63735e-20
1.12533e-18
1.12056e-18
0
9.63735e-20
0
-1.10168e-18
3.19466e-18
-1.09237e-18
0
0
0
1.07401e-18
2.04256e-18
-9.63735e-20
-2.98862e-18
-1.05598e-18
0
0
0
0
-1.97146e-18
9.63735e-20
0
0
0
0
-1.91985e-18
0
0
0
9.91303e-19
0
-9.63735e-20
0
-1.85324e-18
1.84508e-18
-2.80363e-18
9.63735e-20
1.82085e-18
0
0
1.79695e-18
0
0
-9.63735e-20
-9.30984e-19
0
0
0
0
0
0
-9.04244e-19
0
0
-8.93047e-19
2.57168e-18
0
-8.82006e-19
0
7.6622e-19
-8.11074e-19
0
8.04455e-19
4.61427e-18
0
0
0
0
0
0
0
0
0
0
-1.33927e-18
0
9.63735e-20
1.51346e-18
0
0
0
0
0
0
0
0
0
-1.35705e-18
0
-1.34538e-18
0
1.43019e-18
0
0
0
0
0
0
0
1.38498e-18
0
0
0
-1.26663e-18
-2.42602e-18
-9.63735e-20
0
0
0
0
0
0
9.63735e-20
-9.63735e-20
-3.62475e-18
-1.20309e-18
1.19795e-18
-9.63735e-20
0
-1.08631e-18
1.17764e-18
0
0
-2.22894e-18
1.15771e-18
0
-1.14788e-18
0
0
-2.36299e-18
0
-9.63735e-20
-3.16406e-18
0
-1.10947e-18
-1.10476e-18
-9.63735e-20
0
0
-9.63735e-20
2.06679e-18
3.03827e-18
0
0
0
1.05893e-18
0
0
-1.04559e-18
0
-9.63735e-20
0
0
9.27391e-19
-2.13529e-18
0
0
-1.00667e-18
0
-2.99471e-18
0
-1.8834e-18
0
0
0
0
0
0
0
9.63735e-20
9.63735e-20
0
1.79425e-18
4.51411e-18
0
-9.63735e-20
0
0
-1.74752e-18
-9.18113e-19
-9.14299e-19
1.72463e-18
0
9.02963e-19
1.70207e-18
9.63735e-20
0
-9.63735e-20
0
1.76152e-18
0
0
2.5133e-18
0
0
0
0
0
0
2.34257e-18
8.41632e-19
0
0
0
0
0
0
0
0
0
-1.50525e-18
0
4.09378e-18
0
9.63735e-20
0
0
-2.73364e-18
-2.62548e-18
0
2.69843e-18
-1.3434e-18
0
-2.56733e-18
1.32612e-18
0
0
1.30907e-18
-9.63735e-20
1.29784e-18
0
0
0
0
0
0
0
0
0
1.24323e-18
0
0
0
1.22209e-18
-3.55422e-18
1.11529e-18
1.20649e-18
-4.61259e-18
1.09983e-18
-9.63735e-20
9.63735e-20
0
0
-1.17092e-18
0
0
-9.63735e-20
0
0
-3.23128e-18
1.13649e-18
-3.29862e-18
0
0
0
0
2.11935e-18
0
-3.19911e-18
0
0
0
9.63735e-20
0
1.07091e-18
0
0
0
0
-2.09701e-18
0
0
-9.38934e-19
0
-1.02661e-18
2.97051e-18
-3.97562e-18
0
0
0
0
9.96808e-19
0
0
8.87955e-19
-9.63735e-20
-9.76105e-19
9.63735e-20
-8.71585e-19
-9.63913e-19
2.87966e-18
0
1.80741e-18
-3.59893e-18
-8.47594e-19
9.40033e-19
0
0
9.28341e-19
3.50517e-18
0
2.55768e-18
0
-8.12839e-19
0
9.63735e-20
0
8.94227e-19
8.90524e-19
9.63735e-20
0
0
0
0
8.68664e-19
0
-2.39179e-18
0
0
0
0
-9.63735e-20
0
0
8.3356e-19
3.12781e-18
-9.63735e-20
0
-7.23596e-19
0
-9.63735e-20
0
0
0
0
0
1.4907e-18
0
-9.63735e-20
9.63735e-20
9.63735e-20
0
-9.63735e-20
0
-1.53613e-18
0
9.63735e-20
1.32477e-18
0
0
9.92412e-19
0
-2.85597e-18
-1.86361e-18
0
9.63735e-20
1.83912e-18
0
0
0
-9.63735e-20
9.47714e-19
1.69478e-18
0
0
0
0
0
-3.489e-18
0
0
0
0
0
0
-9.63735e-20
0
0
0
8.79329e-19
0
1.64778e-18
9.63735e-20
0
0
0
0
0
0
0
0
0
0
3.1271e-18
0
0
0
0
0
-8.09769e-19
0
0
0
9.63735e-20
8.8974e-19
0
0
0
9.63735e-20
0
0
0
0
0
0
0
0
0
0
1.3964e-18
0
0
0
0
2.73303e-18
0
0
0
0
-1.33731e-18
0
0
0
0
0
0
0
0
-2.57286e-18
0
0
0
0
0
0
0
0
0
0
0
0
0
0
0
0
0
0
0
0
-2.25496e-18
0
0
0
0
0
0
0
0
0
1.12661e-18
0
-3.15846e-18
0
0
0
0
-3.08806e-18
0
0
0
0
0
0
0
0
0
2.09655e-18
0
0
0
0
0
0
0
0
0
0
0
0
0
0
1.1058e-18
1.00474e-18
0
0
-9.63735e-20
0
0
0
0
0
0
-1.05544e-18
0
0
0
-9.63735e-20
-1.03339e-18
0
0
0
0
0
0
0
9.9916e-19
0
0
0
1.86866e-18
0
9.63735e-20
0
0
0
0
0
0
-9.46182e-19
0
0
0
0
9.63735e-20
0
0
0
0
0
0
0
0
0
0
9.63735e-20
0
-9.63735e-20
0
0
0
0
0
0
0
0
1.59537e-18
0
0
0
0
0
0
-1.54735e-18
0
-4.50536e-18
0
0
0
0
0
0
0
0
0
0
0
0
0
0
0
0
0
0
0
0
0
-2.78813e-18
0
-2.86047e-18
0
0
0
0
0
0
0
0
-9.63735e-20
1.32361e-18
-9.63735e-20
0
0
0
0
0
0
0
9.63735e-20
0
0
0
1.25159e-18
1.24623e-18
0
-3.61036e-18
0
0
0
0
0
0
0
2.38792e-18
0
0
0
0
0
0
-9.63735e-20
0
0
-1.14407e-18
0
0
0
0
0
0
-1.20132e-18
-3.6361e-18
2.47766e-18
0
-1.22825e-18
-1.223e-18
1.21777e-18
-9.63735e-20
0
0
0
-9.63735e-20
0
0
9.63735e-20
1.17179e-18
0
-1.16183e-18
0
9.63735e-20
3.34481e-18
0
0
0
2.15901e-18
0
0
0
9.63735e-20
0
-9.63735e-20
0
-9.63735e-20
0
0
9.63735e-20
-9.63735e-20
-2.13434e-18
9.63735e-20
-1.05818e-18
1.05372e-18
-2.00217e-18
0
0
9.63735e-20
9.63735e-20
-9.30991e-19
1.94971e-18
0
-2.02892e-18
0
-1.00596e-18
0
9.63735e-20
-1.98671e-18
-1.88201e-18
-9.63735e-20
-9.80922e-19
-9.63735e-20
-9.72731e-19
0
1.83286e-18
-9.60585e-19
9.63735e-20
-2.76137e-18
-2.74945e-18
0
-9.40716e-19
0
0
0
0
1.74623e-18
0
0
0
-1.71582e-18
0
0
0
-2.48075e-18
-9.63735e-20
1.67124e-18
-7.83778e-19
0
8.72893e-19
-7.72916e-19
0
0
0
-9.63735e-20
0
-8.48014e-19
-9.63735e-20
-1.58573e-18
0
0
-9.63735e-20
-3.11655e-18
0
-7.24181e-19
2.25883e-18
-9.10222e-19
3.04933e-18
0
0
1.50487e-18
0
0
-2.27621e-18
9.63735e-20
0
0
0
0
0
0
0
-1.52477e-18
9.63735e-20
0
0
0
0
9.63735e-20
0
-9.63735e-20
-9.63735e-20
-1.27148e-18
9.63735e-20
-9.63735e-20
9.63735e-20
9.63735e-20
-2.58086e-18
9.63735e-20
0
9.63735e-20
1.31571e-18
0
-3.81689e-18
0
-2.49009e-18
0
2.5643e-18
0
0
2.43506e-18
0
-1.25489e-18
0
0
0
9.63735e-20
0
0
0
0
0
0
0
0
0
0
0
0
0
0
0
0
0
0
0
0
0
0
0
0
0
0
0
0
0
0
0
0
0
0
0
0
0
0
0
0
0
0
0
0
0
0
0
0
0
0
0
0
0
0
0
0
0
0
0
0
0
0
0
0
0
0
0
0
0
9.63735e-20
0
0
0
0
0
0
0
0
0
0
0
0
0
0
0
0
0
0
0
0
0
0
0
0
0
0
0
0
0
0
0
0
0
9.63735e-20
0
0
-3.43318e-18
0
-9.63735e-20
0
0
0
0
0
0
0
0
0
0
0
0
0
0
0
9.63735e-20
0
0
0
0
0
0
0
0
0
0
0
0
0
-9.63735e-20
0
0
0
0
-1.41983e-18
0
0
1.40149e-18
0
9.63735e-20
0
-9.63735e-20
-9.63735e-20
0
0
0
0
0
0
0
0
0
0
0
0
-4.28715e-18
0
-1.25579e-18
0
0
9.63735e-20
0
0
0
9.63735e-20
0
9.63735e-20
0
1.38108e-18
0
0
2.63018e-18
0
0
0
0
0
0
2.74175e-18
0
1.4077e-18
0
0
0
0
0
0
0
0
3.68816e-18
0
0
1.24536e-18
0
3.6078e-18
0
0
2.34152e-18
0
0
0
0
-1.09676e-18
0
2.36596e-18
0
2.34584e-18
0
-1.16295e-18
0
0
-1.14817e-18
0
0
1.13359e-18
0
0
0
0
0
0
0
0
2.08575e-18
0
0
-9.63735e-20
0
0
0
0
0
0
-9.49474e-19
0
0
0
0
1.02402e-18
0
0
0
0
0
0
0
9.90129e-19
0
9.81852e-19
0
0
0
0
0
0
0
-9.63735e-20
0
-9.63735e-20
0
2.70495e-18
0
0
2.67014e-18
0
2.55082e-18
0
-3.53141e-18
-8.0681e-19
-9.63735e-20
0
-2.57963e-18
0
0
-9.63735e-20
0
0
0
1.63665e-18
9.63735e-20
-8.59378e-19
-8.55837e-19
0
0
-8.45311e-19
0
0
-9.63735e-20
1.71998e-18
9.28389e-19
0
9.20684e-19
-3.57106e-18
0
0
0
0
8.97994e-19
8.94273e-19
0
1.77377e-18
0
0
0
0
2.50975e-18
1.73025e-18
0
0
0
0
0
0
-3.16923e-18
0
0
0
0
-2.27741e-18
3.81094e-18
0
4.49437e-18
0
-9.63735e-20
9.63735e-20
0
0
0
0
-2.95573e-18
0
0
-1.45872e-18
-9.63735e-20
1.4461e-18
0
0
0
9.63735e-20
-2.83014e-18
0
0
0
0
0
9.63735e-20
9.63735e-20
0
9.63735e-20
0
1.44566e-18
-1.34347e-18
-2.67537e-18
2.66384e-18
-2.65238e-18
0
-2.53322e-18
0
0
0
0
0
0
0
-3.71449e-18
2.52968e-18
-1.16304e-18
0
-1.34502e-18
9.63735e-20
0
-9.63735e-20
0
-9.63735e-20
0
0
0
0
0
0
0
2.36205e-18
2.25561e-18
-9.63735e-20
0
0
-2.2158e-18
0
1.24265e-18
0
-1.13655e-18
0
-2.15746e-18
0
-3.15938e-18
3.14516e-18
0
-9.63735e-20
0
-1.0939e-18
-1.08927e-18
0
0
0
0
0
1.06194e-18
0
2.106e-18
0
-1.04414e-18
0
1.03536e-18
-1.031e-18
0
9.63735e-20
-1.01805e-18
9.63735e-20
0
1.00528e-18
0
9.9686e-19
0
-9.63735e-20
0
0
0
0
-9.68009e-19
0
0
0
4.56695e-18
0
0
0
0
1.76816e-18
0
1.03804e-18
0
0
1.02499e-18
0
0
2.02424e-18
0
0
0
0
2.07851e-18
0
0
0
-9.74573e-19
0
9.6644e-19
0
0
0
0
0
0
0
1.77294e-18
0
0
0
-9.63735e-20
-9.63735e-20
0
0
0
0
0
0
0
1.67455e-18
1.66723e-18
0
0
0
-2.40921e-18
0
0
0
0
0
0
-3.08135e-18
0
0
0
-8.28861e-19
0
0
2.35975e-18
0
0
0
0
1.50783e-18
0
0
0
0
0
0
-1.55898e-18
0
0
0
0
-1.4312e-18
0
0
0
0
0
9.63735e-20
0
0
0
0
0
0
0
0
0
0
0
0
0
0
0
-1.39772e-18
0
0
0
0
0
0
0
0
0
0
0
0
-2.46126e-18
2.35436e-18
0
0
0
0
0
0
0
0
0
0
0
0
0
-1.05781e-18
0
0
0
1.13468e-18
0
0
0
0
0
0
0
9.63735e-20
0
0
0
0
0
0
0
0
0
1.05128e-18
0
0
0
0
0
0
1.14738e-18
1.1425e-18
0
2.26562e-18
-2.06325e-18
9.63735e-20
0
0
1.10898e-18
0
0
9.63735e-20
0
2.1714e-18
0
0
-3.11959e-18
0
0
9.63735e-20
0
1.04956e-18
0
-1.98509e-18
2.9163e-18
9.63735e-20
1.02764e-18
1.02332e-18
0
-9.63735e-20
-2.02095e-18
1.00623e-18
0
0
9.93622e-19
0
9.85313e-19
-9.63735e-20
-9.63735e-20
0
9.68924e-19
9.63735e-20
0
0
-9.63735e-20
-2.65384e-18
0
-9.40968e-19
0
0
-1.76215e-18
0
0
-9.1772e-19
0
0
9.63735e-20
3.32119e-18
8.98836e-19
0
-8.91405e-19
0
0
2.54478e-18
-1.56075e-18
0
0
9.63735e-20
0
8.58805e-19
0
0
0
-1.59312e-18
0
-9.63735e-20
-9.63735e-20
0
0
9.63735e-20
0
-3.07689e-18
0
0
0
-9.0049e-19
3.01058e-18
0
0
0
1.47932e-18
0
0
1.46015e-18
0
0
9.63735e-20
1.33863e-18
-1.42879e-18
0
1.41645e-18
0
9.63735e-20
0
1.48849e-18
0
0
0
0
2.62828e-18
0
0
-9.63735e-20
0
-1.52597e-18
0
-9.63735e-20
9.63735e-20
0
0
0
0
1.38441e-18
-2.46864e-18
0
-1.36789e-18
0
-2.52128e-18
0
-2.40334e-18
-1.2445e-18
0
-9.63735e-20
-2.36081e-18
0
0
-2.32942e-18
0
1.20256e-18
0
0
-1.18723e-18
1.18217e-18
9.63735e-20
0
1.16712e-18
-1.26005e-18
2.60522e-18
1.29701e-18
0
0
1.28037e-18
0
0
0
-1.25854e-18
0
0
0
0
0
1.22655e-18
0
0
0
0
0
1.09907e-18
0
-3.45942e-18
0
1.17518e-18
-9.63735e-20
0
-1.16023e-18
-1.15529e-18
9.63735e-20
0
0
9.63735e-20
2.16552e-18
0
0
0
2.22375e-18
0
0
0
-1.09315e-18
0
3.15539e-18
9.63735e-20
0
0
0
0
0
-1.05228e-18
9.63735e-20
0
-3.02072e-18
2.91122e-18
0
-1.02597e-18
0
0
-9.63735e-20
-1.00883e-18
1.00459e-18
1.00038e-18
0
0
0
-9.63735e-20
0
0
-1.94283e-18
0
-9.63312e-19
0
0
0
9.47329e-19
0
9.63735e-20
0
0
1.66278e-18
0
9.63735e-20
1.73611e-18
0
0
0
9.63735e-20
-1.79478e-18
9.63735e-20
0
0
8.82625e-19
0
0
0
3.1834e-18
8.64547e-19
-9.63735e-20
-1.61849e-18
0
0
0
0
0
0
0
-8.29631e-19
0
-1.54931e-18
0
-2.25559e-18
0
0
0
0
0
-7.96301e-19
0
0
0
-1.56679e-18
0
0
0
0
0
0
0
0
0
0
0
0
0
0
1.37781e-18
0
0
0
0
0
0
0
0
0
0
0
1.30823e-18
0
0
0
0
0
0
0
0
0
0
0
0
-2.78696e-18
2.67854e-18
0
0
0
0
0
0
0
-9.63735e-20
0
0
0
0
0
0
0
0
0
0
-1.27824e-18
0
-9.63735e-20
0
-2.5129e-18
0
0
0
1.23506e-18
0
0
0
0
0
0
0
0
0
0
-2.26015e-18
0
0
0
0
0
0
1.1436e-18
0
0
0
0
0
-2.22954e-18
0
0
0
0
0
3.16385e-18
0
0
0
0
3.09554e-18
0
1.91727e-18
0
0
0
0
0
0
0
0
0
0
0
0
0
0
0
0
0
-9.78006e-19
0
9.69841e-19
0
0
0
0
0
0
0
0
0
0
0
0
0
0
0
0
0
0
0
0
0
0
0
0
0
0
0
0
0
0
0
0
0
9.63735e-20
0
0
0
0
0
0
0
0
1.52659e-18
0
8.0486e-19
0
0
0
0
0
0
0
-8.24356e-19
0
0
0
0
0
8.51178e-19
8.47675e-19
-3.184e-18
9.63735e-20
9.63735e-20
0
0
0
0
-8.20228e-19
0
-6.20777e-19
0
0
0
8.00303e-19
0
0
0
0
-9.63735e-20
0
-1.45913e-18
0
-1.25376e-18
9.63735e-20
2.868e-18
1.42779e-18
9.63735e-20
-9.63735e-20
0
0
-9.63735e-20
-4.07706e-18
0
0
0
0
0
0
1.34966e-18
2.68769e-18
2.67611e-18
-1.33229e-18
0
1.32085e-18
0
0
0
-1.2019e-18
2.58539e-18
-1.28714e-18
-1.28162e-18
2.45585e-18
0
0
0
9.63735e-20
0
0
0
0
0
0
0
-2.5205e-18
-1.20688e-18
0
0
0
0
-1.08498e-18
0
1.07493e-18
9.63735e-20
0
0
0
0
-2.18705e-18
1.13686e-18
0
2.15808e-18
-3.17458e-18
0
-2.22588e-18
0
-9.63735e-20
0
0
2.17914e-18
1.08496e-18
0
0
0
-2.13346e-18
-2.02808e-18
-9.63735e-20
0
0
9.63735e-20
0
1.03564e-18
1.03128e-18
-1.02694e-18
-9.63735e-20
0
0
0
1.00555e-18
1.00133e-18
0
0
0
0
0
0
-9.72335e-19
0
0
0
-1.816e-18
-2.76021e-18
0
0
0
-1.77646e-18
0
9.28638e-19
0
0
9.63735e-20
0
0
0
-9.01973e-19
-9.63735e-20
8.94512e-19
0
0
3.34106e-18
-2.54302e-18
0
0
0
0
0
-1.73258e-18
0
0
0
1.79701e-18
0
0
0
-1.76565e-18
0
0
1.74252e-18
0
-9.11825e-19
3.53579e-18
0
0
0
9.63735e-20
0
0
0
0
1.74952e-18
0
0
0
-1.62444e-18
0
0
0
-3.28892e-18
0
0
0
0
0
0
0
0
0
1.62447e-18
0
0
0
0
0
0
0
0
0
0
-4.27365e-18
0
0
2.87564e-18
0
0
0
9.63735e-20
0
0
0
0
0
-9.63735e-20
0
1.36499e-18
0
0
0
0
0
1.23369e-18
0
0
0
0
-1.20533e-18
0
0
-2.47362e-18
0
0
0
-2.52617e-18
0
0
0
0
1.23626e-18
0
0
0
0
0
0
0
-1.19462e-18
0
0
0
0
0
0
1.06306e-18
2.11625e-18
0
2.2894e-18
0
0
0
0
0
0
0
0
0
0
0
-9.63735e-20
0
9.63735e-20
0
0
0
0
0
0
0
0
0
0
9.63735e-20
0
0
0
0
0
0
0
0
0
9.87182e-19
0
0
0
0
-2.17199e-18
0
-1.07683e-18
9.63735e-20
0
9.6687e-19
0
0
0
0
0
-3.10989e-18
9.63735e-20
0
0
1.0193e-18
-1.01501e-18
1.01075e-18
0
0
0
2.8853e-18
0
0
0
-2.83566e-18
0
0
0
0
0
0
-9.49118e-19
0
0
-8.40927e-19
0
0
9.25646e-19
-3.49444e-18
0
0
0
0
0
0
0
0
0
0
0
0
0
1.64313e-18
0
-3.25761e-18
7.6266e-19
0
0
0
0
0
0
-4.6221e-18
0
0
0
0
0
1.53218e-18
0
0
0
0
2.99834e-18
8.9089e-19
2.37383e-18
0
0
9.63735e-20
0
0
0
0
0
0
0
0
0
0
0
0
-1.38649e-18
0
0
0
2.72541e-18
0
0
0
0
0
0
0
0
0
0
-1.29953e-18
9.63735e-20
0
0
0
0
0
0
0
0
0
0
0
0
0
0
0
0
0
0
0
0
2.26861e-18
-1.17745e-18
0
9.63735e-20
0
0
1.24897e-18
9.63735e-20
0
0
9.63735e-20
0
0
0
0
0
-2.20917e-18
0
0
-1.09061e-18
0
0
2.42245e-18
0
0
0
0
-3.36403e-18
0
0
0
0
-1.16055e-18
3.46683e-18
0
-9.63735e-20
0
0
1.13126e-18
0
0
3.15799e-18
0
0
0
0
0
0
0
0
0
-1.9483e-18
-9.63735e-20
9.63735e-20
0
0
-2.09626e-18
0
0
0
1.03058e-18
0
1.02193e-18
0
0
0
0
0
0
0
0
0
0
0
-9.71678e-19
-9.63735e-20
0
0
0
0
0
0
0
0
1.76741e-18
0
0
0
0
0
0
0
2.51136e-18
0
0
0
8.86527e-19
1.66935e-18
0
0
2.42313e-18
7.71987e-19
0
0
0
0
0
0
-3.18176e-18
0
0
0
0
-3.11304e-18
0
0
0
0
0
0
0
0
-7.9651e-19
0
0
0
0
0
0
0
4.2401e-18
1.43923e-18
0
0
0
0
9.63735e-20
0
-1.39621e-18
0
0
0
-2.84086e-18
0
0
9.63735e-20
0
0
0
0
0
-1.31993e-18
0
0
0
0
0
0
0
0
0
1.26431e-18
1.25889e-18
-1.2535e-18
0
0
0
-1.23216e-18
0
0
1.85237e-18
1.92694e-18
0
0
1.02829e-18
-2.0845e-18
0
0
-1.08535e-18
0
0
3.34273e-18
2.29145e-18
-1.16136e-18
4.81868e-20
0
0
0
0
0
2.60264e-18
-1.34292e-18
0
2.66102e-18
0
0
0
0
0
0
0
2.20214e-18
0
0
0
0
0
1.61135e-18
0
-3.26424e-18
-8.63653e-19
0
2.56479e-18
0
-2.68519e-18
0
0
0
0
0
0
0
9.93897e-19
0
2.96258e-18
1.03281e-18
0
0
0
0
0
0
0
0
0
0
0
0
0
-1.33427e-18
-9.63735e-20
1.27065e-18
0
0
1.32156e-18
0
0
-9.63735e-20
0
1.50773e-18
0
0
0
0
1.50773e-18
0
3.09646e-18
0
-3.17979e-18
0
9.63735e-20
-3.30928e-18
0
0
-9.09282e-19
0
9.32609e-19
0
0
0
0
9.63735e-20
0
0
-9.66124e-19
0
9.91082e-19
-9.63735e-20
0
0
0
-9.63735e-20
0
0
-1.19466e-18
0
0
-2.37981e-18
0
-1.07534e-18
2.37407e-18
1.20257e-18
2.43666e-18
-1.23432e-18
0
0
0
0
-2.63543e-18
0
0
-9.63735e-20
0
0
0
-1.54122e-18
0
0
-7.99838e-19
0
-9.63735e-20
0
0
0
0
0
0
-3.29228e-18
-9.63735e-20
0
0
0
0
-9.63735e-20
0
0
9.39209e-19
0
9.63395e-19
0
9.63735e-20
0
0
0
0
0
-2.03819e-18
0
0
0
0
0
0
0
0
0
-3.54806e-18
2.55787e-18
-3.64435e-18
0
1.27992e-18
-1.39316e-18
0
0
0
0
0
0
0
0
-2.91953e-18
0
0
0
-9.14128e-19
0
0
0
-1.62313e-18
0
0
0
0
0
0
0
0
9.01656e-19
0
0
0
0
0
-9.72989e-19
0
0
0
9.63735e-20
0
0
1.06424e-18
0
0
0
1.12058e-18
0
0
2.23359e-18
0
0
0
1.22719e-18
0
0
0
0
2.52376e-18
0
-1.34489e-18
0
-1.38072e-18
-9.63735e-20
0
0
-1.45549e-18
0
0
-2.3198e-18
-3.06922e-18
0
0
0
1.41359e-18
0
9.63735e-20
0
0
0
-8.65775e-19
0
3.35867e-18
-1.70189e-18
0
3.49591e-18
0
0
0
-9.63735e-20
0
0
1.00812e-18
3.98807e-18
-9.63735e-20
1.99892e-18
0
-1.07494e-18
-1.08889e-18
-3.2127e-18
-1.11737e-18
1.13191e-18
4.49028e-18
-9.63735e-20
-1.1768e-18
-4.67241e-18
-9.63735e-20
0
0
0
-2.44864e-18
-1.28926e-18
0
-2.64699e-18
0
-1.26234e-18
0
0
0
1.52857e-18
3.0952e-18
-2.84468e-18
0
1.4093e-18
0
-9.63735e-20
-9.63735e-20
0
4.4202e-18
0
0
0
0
-8.52588e-19
0
0
0
0
0
9.19575e-19
0
0
-3.6283e-18
9.67497e-19
0
9.92495e-19
-2.01052e-18
9.21836e-19
2.99765e-18
0
-1.05817e-18
9.75501e-19
9.89398e-19
0
0
0
0
0
3.42387e-18
0
-9.63735e-20
2.34384e-18
2.47223e-18
9.63735e-20
0
1.18915e-18
0
0
0
0
0
0
0
0
0
-4.00964e-18
0
0
0
0
0
0
0
0
0
0
0
0
0
0
0
0
-9.05466e-19
0
0
0
0
0
0
0
-1.00241e-18
0
0
0
0
2.13763e-18
0
0
0
9.63735e-20
-9.63735e-20
-1.15495e-18
0
0
0
0
0
0
0
0
0
0
0
-9.63735e-20
-1.27807e-18
0
0
-2.75498e-18
0
2.72936e-18
-2.7655e-18
0
1.41966e-18
2.87703e-18
0
0
0
0
0
0
-8.37296e-19
3.19866e-18
0
0
0
0
0
0
-9.63735e-20
0
-9.49881e-19
0
0
9.63735e-20
0
-1.01244e-18
-9.63735e-20
2.92342e-18
0
-3.00454e-18
9.83201e-19
1.09358e-18
0
0
0
0
-1.16667e-18
0
1.10101e-18
0
0
0
-1.08214e-18
0
2.32275e-18
0
0
0
0
0
1.2118e-18
0
0
0
2.75743e-18
-2.79397e-18
0
0
0
0
0
0
-2.34673e-18
0
0
0
1.61596e-18
0
0
-9.63735e-20
0
-9.11852e-19
2.57766e-18
0
0
-9.59325e-19
0
0
0
0
-1.02257e-18
-1.97516e-18
0
0
9.63735e-20
0
0
0
0
0
1.16331e-18
0
0
-3.29451e-18
0
0
0
-1.19048e-18
0
0
-3.521e-18
-1.25418e-18
0
-2.5748e-18
-1.30437e-18
0
0
0
2.74938e-18
-9.63735e-20
0
0
0
-1.46838e-18
1.48793e-18
0
0
0
0
-1.58991e-18
0
0
-3.4057e-18
-3.35372e-18
0
0
9.63735e-20
0
-9.44535e-19
3.7301e-18
0
-8.8493e-19
0
0
2.03933e-18
0
-9.63735e-20
0
0
0
-2.10653e-18
0
0
0
0
0
0
0
-2.18709e-18
-2.31325e-18
1.17173e-18
0
-1.20259e-18
0
-2.46867e-18
0
0
0
0
-9.63735e-20
0
0
0
0
-2.8145e-18
0
0
0
0
-2.11043e-18
0
0
-3.03226e-18
0
0
-9.63735e-20
0
0
0
0
0
0
0
0
0
0
0
0
-9.63735e-20
0
0
0
-9.52808e-19
0
0
9.63735e-20
0
-1.0673e-18
0
1.99757e-18
9.63735e-20
0
-2.37328e-18
-1.1533e-18
9.63735e-20
0
3.50098e-18
2.42966e-18
0
0
-1.26332e-18
0
0
0
0
0
0
0
0
0
-9.63735e-20
0
-2.95842e-18
2.99782e-18
-8.07633e-19
-3.07832e-18
0
9.63735e-20
0
-1.62315e-18
0
-9.63735e-20
9.63735e-20
0
0
2.5894e-18
2.72129e-18
0
0
0
-9.63735e-20
1.00099e-18
0
-9.60688e-19
-9.63735e-20
0
-9.63735e-20
9.63735e-20
1.9517e-18
-2.0745e-18
0
0
1.07804e-18
0
2.11604e-18
1.12059e-18
-1.13519e-18
0
0
1.18022e-18
0
-1.21132e-18
0
9.63735e-20
0
-9.63735e-20
-9.63735e-20
0
-2.65475e-18
1.44129e-18
0
-4.14222e-18
0
0
-1.43642e-18
0
-4.32824e-18
0
-8.05401e-19
0
0
-3.24818e-18
-2.34729e-18
0
0
0
-8.90356e-19
0
0
0
-2.61699e-18
-9.48548e-19
3.30745e-18
0
-3.59234e-18
-1.77151e-18
0
0
0
-1.9654e-18
-2.79324e-18
0
-2.13862e-18
0
1.04766e-18
-9.63735e-20
-9.63735e-20
3.07395e-18
0
-1.11738e-18
0
-1.05031e-18
0
-9.63735e-20
-3.48026e-18
3.5271e-18
0
0
3.76802e-18
-1.3689e-18
0
-1.30628e-18
0
1.43737e-18
-2.71745e-18
-1.37671e-18
-9.63735e-20
-9.63735e-20
-9.63735e-20
9.63735e-20
0
0
-9.63735e-20
0
-8.2346e-19
-1.57126e-18
1.59227e-18
0
0
-2.53387e-18
1.77573e-18
0
0
0
0
0
0
2.6277e-18
0
-1.76626e-18
-9.4321e-19
0
0
0
0
0
0
0
0
0
0
0
-1.09988e-18
1.11418e-18
9.63735e-20
0
0
0
-1.18877e-18
0
0
0
0
1.26884e-18
0
1.30248e-18
0
0
0
0
1.39088e-18
-1.40932e-18
0
-9.63735e-20
0
0
0
0
-9.63735e-20
0
0
0
-7.60569e-19
7.22532e-19
0
8.39639e-19
0
0
-2.42283e-18
1.57307e-18
-9.63735e-20
0
0
8.32322e-19
0
9.5258e-19
0
1.85793e-18
-1.97939e-18
-9.63735e-20
2.03066e-18
9.63735e-20
-1.0417e-18
0
0
0
9.63735e-20
0
-2.05813e-18
0
0
1.17005e-18
-2.27432e-18
-1.20086e-18
0
0
0
-1.36153e-18
0
9.63735e-20
0
-1.3332e-18
0
0
0
0
1.42385e-18
0
0
-1.48139e-18
3.00225e-18
8.08756e-19
0
0
-9.63735e-20
0
0
0
0
8.37307e-19
0
0
0
0
0
0
0
0
0
0
0
1.07076e-18
0
-9.63735e-20
0
-9.63735e-20
9.63735e-20
0
0
9.63735e-20
0
0
-1.12221e-18
-1.04045e-18
0
0
0
0
0
0
0
0
-1.18172e-18
0
0
0
-2.69377e-18
0
0
0
1.32331e-18
0
0
0
1.397e-18
-9.63735e-20
0
0
0
2.28668e-18
-1.41584e-18
-1.62876e-18
0
9.63735e-20
0
0
0
-1.75596e-18
0
9.0041e-19
0
-2.67407e-18
-3.54831e-18
1.79806e-18
0
9.63735e-20
0
0
0
1.9488e-18
0
0
0
0
-2.08456e-18
1.00826e-18
3.26061e-18
0
1.14834e-18
-1.16333e-18
1.17853e-18
2.38789e-18
0
1.22544e-18
0
0
0
0
-9.63735e-20
0
0
1.45709e-18
0
0
0
0
0
0
0
0
-1.43013e-18
0
-2.9368e-18
0
0
0
0
0
0
-9.63735e-20
0
0
0
0
0
0
0
0
0
0
9.81317e-19
0
0
0
0
0
0
0
1.08735e-18
0
0
0
-4.38741e-18
0
0
0
-2.41217e-18
0
0
0
-9.63735e-20
0
0
0
0
0
0
-1.3006e-18
0
9.63735e-20
-9.63735e-20
0
0
0
0
0
0
0
2.20683e-18
0
0
0
0
0
0
0
0
0
-1.71714e-18
-9.63735e-20
-9.30011e-19
0
1.81149e-18
9.63735e-20
0
-1.88584e-18
1.00386e-18
0
9.63735e-20
2.08639e-18
0
0
0
0
0
0
0
0
0
0
1.20261e-18
0
0
0
0
0
0
1.23078e-18
0
0
0
0
-2.53147e-18
-2.56616e-18
0
0
0
0
0
9.63735e-20
0
0
7.97653e-19
-8.07643e-19
0
0
0
0
-9.63735e-20
3.38622e-18
9.63735e-20
0
-9.63735e-20
-9.63735e-20
0
-9.63735e-20
0
0
0
0
0
9.63735e-20
1.95756e-18
0
0
0
-3.14705e-18
0
-2.2188e-18
2.15129e-18
2.18057e-18
0
1.04385e-18
1.10622e-18
0
3.30923e-18
0
0
0
0
0
0
0
1.25967e-18
0
9.63735e-20
1.3101e-18
0
0
-1.36272e-18
0
0
-1.51399e-18
0
9.63735e-20
0
0
0
0
-2.3809e-18
-8.3615e-19
0
0
0
0
-3.36873e-18
-2.51229e-18
0
0
1.77681e-18
9.63735e-20
9.63735e-20
0
-9.63735e-20
0
0
-9.63735e-20
0
0
9.63735e-20
1.07805e-18
0
1.92407e-18
-1.04768e-18
0
0
0
0
0
-9.63735e-20
1.05032e-18
0
2.16092e-18
-1.19223e-18
0
0
0
0
0
-9.63735e-20
0
0
-9.63735e-20
4.07624e-18
0
0
0
0
-9.63735e-20
0
0
0
0
-9.63735e-20
0
0
0
0
-8.7676e-19
0
8.99154e-19
0
0
2.70549e-18
-2.74129e-18
0
0
-8.86341e-19
9.95342e-19
0
1.02114e-18
1.03431e-18
0
9.63735e-20
1.00529e-18
-1.01824e-18
-9.63735e-20
2.08938e-18
2.98186e-18
-1.0719e-18
9.89428e-19
0
2.22839e-18
-2.25739e-18
0
1.15832e-18
0
0
9.63735e-20
0
0
0
-1.36523e-18
0
0
-2.63936e-18
0
0
0
1.29452e-18
0
9.63735e-20
2.89403e-18
4.49515e-18
0
0
0
-1.54601e-18
0
0
0
3.26079e-18
7.77938e-19
1.67442e-18
8.96635e-19
-9.63735e-20
-8.23226e-19
0
0
0
9.67523e-19
0
1.71286e-18
0
0
0
9.77162e-19
-9.63735e-20
1.9085e-18
0
0
0
0
3.11016e-18
0
0
0
-9.63735e-20
0
0
-2.24376e-18
0
-9.63735e-20
0
0
-1.15239e-18
0
0
-2.59743e-18
0
0
0
-9.63735e-20
2.87005e-18
0
-1.42387e-18
-2.88556e-18
0
-1.57779e-18
2.20353e-18
0
0
0
0
0
0
3.39111e-18
0
0
2.52372e-18
1.73766e-18
0
3.23269e-18
-2.57849e-18
0
-9.63735e-20
0
0
0
0
0
-9.86908e-19
-9.63735e-20
-1.01246e-18
-1.02551e-18
0
2.10435e-18
0
0
-1.09361e-18
0
0
9.63735e-20
-9.63735e-20
0
0
0
0
-4.72329e-18
-1.34152e-18
-9.63735e-20
0
0
1.31202e-18
-2.65868e-18
0
-3.99778e-18
0
0
0
0
0
-9.63735e-20
0
0
0
0
0
0
0
-8.69439e-19
0
0
-8.45516e-19
-1.616e-18
-4.14232e-18
0
8.89128e-19
-2.60489e-18
0
0
0
0
0
0
0
-9.96762e-19
0
1.0226e-18
0
0
0
1.07652e-18
-4.26556e-18
-1.10465e-18
0
9.63735e-20
0
-1.16334e-18
0
0
0
-9.63735e-20
0
0
2.5488e-18
0
0
0
0
0
0
0
-9.63735e-20
0
0
0
0
0
9.10763e-19
3.10573e-18
1.57361e-18
0
0
0
0
0
9.63735e-20
0
2.40104e-18
0
0
0
0
9.209e-19
0
0
0
9.68899e-19
9.8133e-19
0
1.91707e-18
-1.84664e-18
0
-1.04619e-18
0
0
0
2.20296e-18
1.1158e-18
0
0
-1.06362e-18
1.27152e-18
0
0
0
0
-1.15784e-18
2.44504e-18
0
0
-2.54686e-18
0
0
0
-2.78588e-18
0
0
0
1.5648e-18
0
0
0
0
0
0
0
0
0
0
0
0
0
0
-9.63735e-20
0
0
0
0
0
4.57698e-18
0
0
-9.91122e-19
-9.07495e-19
1.0168e-18
0
0
0
0
0
1.09833e-18
0
0
0
0
0
0
-1.10625e-18
0
1.23437e-18
0
9.63735e-20
0
0
0
0
2.60927e-18
0
9.63735e-20
0
0
0
2.73344e-18
0
0
-2.84359e-18
-1.44068e-18
4.28311e-18
-2.9585e-18
0
0
-1.63557e-18
0
3.16121e-18
0
0
0
-8.81691e-19
0
3.42416e-18
3.37382e-18
9.63735e-20
0
9.63735e-20
0
-9.63735e-20
-9.63735e-20
0
0
0
-2.08048e-18
0
0
-2.06594e-18
0
0
2.2477e-18
1.13849e-18
0
0
0
0
-9.63735e-20
0
0
0
0
3.79414e-18
-3.84545e-18
-9.63735e-20
0
0
0
0
0
-1.05776e-18
0
0
0
0
-2.25645e-18
0
0
0
0
0
1.21963e-18
0
0
2.34389e-18
2.57003e-18
-2.50753e-18
0
0
0
0
9.63735e-20
0
0
0
0
0
0
0
1.54534e-18
0
0
0
0
0
0
0
0
0
9.30947e-19
0
-9.54896e-19
0
1.86269e-18
0
-9.70801e-19
3.05027e-18
0
0
1.12369e-18
1.13833e-18
-2.20997e-18
0
0
0
0
0
2.49356e-18
0
0
-9.63735e-20
0
0
0
0
0
0
0
0
2.91924e-18
0
-9.63735e-20
0
0
0
9.63735e-20
0
0
0
0
-2.48552e-18
9.04102e-19
-2.65045e-18
0
9.63735e-20
9.63735e-20
8.66927e-19
0
-1.87998e-18
-1.00088e-18
0
-1.9573e-18
1.98381e-18
-1.05354e-18
0
0
0
0
0
0
0
0
2.41972e-18
0
0
0
0
0
9.63735e-20
-9.63735e-20
0
0
1.33819e-18
0
2.94593e-18
0
1.51247e-18
0
0
0
9.63735e-20
0
9.63735e-20
0
-8.89257e-19
0
-9.63735e-20
0
-9.63735e-20
9.63735e-20
0
-1.94358e-18
0
0
0
0
0
0
3.09236e-18
0
0
0
0
1.13375e-18
-2.10431e-18
0
2.50588e-18
0
0
0
0
0
0
9.63735e-20
0
-1.40997e-18
-2.85737e-18
0
0
-9.63735e-20
-8.01309e-19
0
8.21538e-19
0
0
0
0
0
9.63735e-20
0
0
2.56724e-18
9.63735e-20
-3.4854e-18
2.77073e-18
0
9.63735e-20
-1.88953e-18
9.09352e-19
0
-2.06364e-18
-2.09029e-18
0
0
-2.17255e-18
-9.63735e-20
0
0
0
-1.15883e-18
0
0
1.30126e-18
0
0
0
-1.34986e-18
9.63735e-20
-9.63735e-20
9.63735e-20
0
-2.88346e-18
0
-4.34463e-18
0
2.32826e-18
0
0
-1.58177e-18
0
0
0
2.55054e-18
0
1.71334e-18
-3.47276e-18
1.75974e-18
-8.43533e-19
-9.63735e-20
0
0
-9.89013e-19
-1.81071e-18
1.01463e-18
0
0
-2.10887e-18
0
-1.08193e-18
-9.63735e-20
0
0
0
-1.15416e-18
0
1.18451e-18
-2.30366e-18
0
0
9.63735e-20
0
9.63735e-20
9.63735e-20
2.53341e-18
0
1.38763e-18
0
2.94851e-18
0
0
2.25279e-18
-8.2542e-19
0
-9.63735e-20
0
9.63735e-20
7.82479e-19
1.78e-18
0
0
0
-9.63735e-20
0
0
9.72608e-19
-9.63735e-20
-1.89913e-18
2.93541e-18
0
-1.97728e-18
0
2.03126e-18
0
1.09158e-18
0
9.63735e-20
0
2.29902e-18
0
-9.63735e-20
0
0
0
0
-1.16276e-18
9.63735e-20
9.63735e-20
0
0
1.44073e-18
0
0
0
-1.51338e-18
-1.53219e-18
0
0
0
8.53683e-19
0
0
0
0
0
0
-2.60479e-18
0
0
0
0
0
0
0
0
1.04603e-18
0
0
0
0
0
0
0
0
0
0
0
0
0
0
-1.27052e-18
0
0
0
-2.67774e-18
0
0
-9.63735e-20
0
0
0
0
0
8.01969e-19
2.24332e-18
0
0
0
0
0
0
0
0
0
0
0
2.91136e-18
0
0
0
0
0
0
9.63735e-20
0
0
9.63735e-20
-1.15515e-18
0
0
0
0
0
0
0
0
0
0
0
9.63735e-20
0
0
9.63735e-20
-2.84815e-18
-1.44299e-18
0
0
-4.40772e-18
0
0
-1.56227e-18
0
0
-3.25164e-18
9.63735e-20
0
-1.75337e-18
1.82584e-18
9.63735e-20
9.63735e-20
0
1.92653e-18
0
-1.97904e-18
-9.54745e-19
0
9.63735e-20
-1.09251e-18
1.1067e-18
9.63735e-20
0
-2.20462e-18
-3.40017e-18
0
-1.1962e-18
0
2.45551e-18
3.63525e-18
0
0
-1.29362e-18
0
-2.75232e-18
-1.34552e-18
0
0
0
9.63735e-20
0
-1.45617e-18
-1.57192e-18
0
0
-9.12226e-19
-1.55583e-18
-9.63735e-20
-1.59771e-18
0
9.63735e-20
8.79585e-19
-9.63735e-20
0
0
-9.2518e-19
-4.49219e-18
0
0
0
0
2.02456e-18
0
-1.08813e-18
1.10226e-18
0
1.2275e-18
0
-1.16082e-18
0
0
-9.63735e-20
0
0
0
-1.27162e-18
1.28836e-18
2.61068e-18
0
0
0
-1.47209e-18
-1.49032e-18
0
1.33481e-18
0
2.93897e-18
0
-1.50889e-18
0
-2.27594e-18
0
0
-9.63735e-20
0
0
0
9.63735e-20
0
0
-9.63735e-20
1.79406e-18
-9.63735e-20
0
-9.82015e-19
0
0
2.96485e-18
0
-1.11211e-18
0
0
0
0
0
0
0
0
0
0
0
0
0
0
0
0
0
0
0
2.8885e-18
0
0
0
0
0
0
0
0
0
-3.29812e-18
0
0
0
0
0
-1.7866e-18
0
-1.8351e-18
1.85987e-18
0
0
0
0
0
0
-3.01697e-18
0
0
4.81868e-20
2.39445e-18
0
-2.45763e-18
0
1.26131e-18
0
1.19837e-18
0
0
0
9.63735e-20
-1.38257e-18
-1.49727e-18
-2.83895e-18
0
9.63735e-20
1.57321e-18
0
0
-3.07336e-18
8.26786e-19
-1.57801e-18
-8.47746e-19
-2.3826e-18
0
0
0
0
-3.46447e-18
-2.58512e-18
9.63735e-20
1.80315e-18
0
2.73e-18
-9.63735e-20
0
-1.01231e-18
1.95434e-18
-9.63735e-20
-9.63735e-20
0
-9.63735e-20
2.09051e-18
0
0
-4.45029e-18
0
-9.63735e-20
0
-1.22453e-18
0
0
0
0
-2.71786e-18
0
0
0
0
2.90293e-18
0
0
0
0
3.10156e-18
0
8.44445e-19
0
0
2.43788e-18
1.67961e-18
-1.70217e-18
0
1.74825e-18
0
-9.46012e-19
0
1.84441e-18
0
-9.63735e-20
-3.02485e-18
1.02127e-18
3.94505e-18
0
0
-2.05386e-18
-3.26718e-18
0
-2.23509e-18
1.03572e-18
9.63735e-20
0
1.08062e-18
1.19239e-18
0
0
1.2399e-18
-1.25619e-18
0
0
0
0
0
0
0
0
0
0
0
0
0
0
0
0
0
0
0
0
-8.34023e-19
0
0
0
0
0
0
-1.01721e-18
0
-1.04363e-18
0
0
0
0
0
0
0
0
-2.34449e-18
0
0
0
9.63735e-20
0
0
0
0
0
1.4321e-18
0
0
0
0
0
0
0
1.5794e-18
0
1.62195e-18
0
0
0
0
9.15069e-19
3.51418e-18
0
0
9.63735e-20
9.75072e-19
0
0
1.01316e-18
-1.02623e-18
2.07894e-18
0
0
0
0
0
-2.24603e-18
0
0
0
0
1.10188e-18
-1.21395e-18
0
9.63735e-20
0
-9.63735e-20
0
1.40932e-18
0
0
9.63735e-20
0
0
-9.63735e-20
0
0
0
0
0
0
-9.63735e-20
0
7.07276e-19
0
0
2.70821e-18
9.63735e-20
0
1.84605e-18
0
-9.63735e-20
1.00914e-18
0
-1.03533e-18
-2.09741e-18
0
0
2.08361e-18
0
9.63735e-20
2.16975e-18
1.05146e-18
0
0
-3.48387e-18
-2.51446e-18
0
-2.48195e-18
-1.25728e-18
-3.72508e-18
3.87178e-18
-9.63735e-20
0
0
0
-9.63735e-20
-9.63735e-20
0
2.86736e-18
0
0
0
0
1.53169e-18
0
0
-1.59392e-18
0
0
0
0
0
9.67368e-19
9.79776e-19
2.88071e-18
0
0
0
0
0
0
0
0
0
0
0
0
0
-2.37719e-18
0
0
0
0
-9.63735e-20
0
-1.30228e-18
0
-9.63735e-20
2.70912e-18
0
1.39067e-18
0
0
-9.63735e-20
0
0
0
0
0
0
0
-8.52476e-19
0
0
0
-8.00119e-19
0
0
-1.88048e-18
0
1.93167e-18
1.95782e-18
0
-1.0538e-18
1.94214e-18
0
0
-2.21908e-18
-2.34432e-18
0
0
-9.63735e-20
0
-1.19929e-18
1.215e-18
0
-9.63735e-20
0
-1.28012e-18
0
0
1.23506e-18
-1.25266e-18
0
0
0
0
0
0
-1.47942e-18
0
0
0
2.29172e-18
0
9.63735e-20
1.71976e-18
9.63735e-20
2.54899e-18
-1.68958e-18
-1.71228e-18
0
0
0
0
-9.63735e-20
-9.75895e-19
0
0
0
0
0
9.63735e-20
-1.13403e-18
2.20126e-18
-9.63735e-20
0
-2.19614e-18
0
-9.63735e-20
0
1.25837e-18
0
2.58342e-18
0
0
0
-1.45767e-18
9.63735e-20
0
0
0
0
0
9.63735e-20
1.41649e-18
0
1.55351e-18
-9.63735e-20
-9.63735e-20
0
-8.67353e-19
0
-9.63735e-20
9.00776e-19
0
-1.65497e-18
0
-2.74644e-18
8.63357e-19
-1.94406e-18
9.63735e-20
0
-9.13618e-19
9.63735e-20
1.13258e-18
0
0
0
0
1.17426e-18
0
-2.41039e-18
2.44198e-18
2.37765e-18
0
0
0
0
1.22424e-18
0
0
9.63735e-20
0
9.63735e-20
0
-1.54441e-18
0
0
9.63735e-20
0
0
0
-9.63735e-20
3.31636e-18
0
0
0
-2.59535e-18
0
1.74407e-18
0
0
-9.55938e-19
0
0
0
1.91558e-18
1.9415e-18
0
0
0
0
0
0
0
0
0
0
0
9.63735e-20
0
1.29811e-18
0
-9.63735e-20
0
0
9.63735e-20
0
1.4232e-18
0
0
0
0
0
0
0
0
0
0
0
0
0
-9.05082e-19
-9.16603e-19
0
0
0
0
0
8.92887e-19
0
0
0
-2.93097e-18
0
0
-1.0822e-18
0
0
0
-4.36561e-18
0
0
0
0
0
0
0
2.94407e-18
0
-3.82721e-18
0
0
0
-9.88237e-19
0
0
9.75877e-19
-1.84722e-18
9.63735e-20
0
-3.6459e-18
0
0
9.47698e-19
0
9.39814e-19
0
0
2.59163e-18
-9.63735e-20
0
1.73682e-18
0
-9.09001e-19
0
-1.70658e-18
0
0
3.4649e-18
0
0
0
0
-1.64775e-18
0
-9.63735e-20
0
-2.38054e-18
0
0
0
1.59108e-18
0
0
-9.63735e-20
0
0
-8.23155e-19
0
9.63735e-20
-1.52979e-18
0
0
2.40945e-18
0
0
0
0
0
-1.47102e-18
0
-2.8202e-18
1.45196e-18
-1.44567e-18
-9.63735e-20
0
0
9.63735e-20
9.63735e-20
0
1.30607e-18
1.39638e-18
2.78069e-18
0
-2.75673e-18
-1.37241e-18
0
-2.81757e-18
0
1.34889e-18
0
1.24092e-18
9.63735e-20
9.63735e-20
-1.41646e-18
0
0
-1.39951e-18
1.29753e-18
-1.19558e-18
-2.57281e-18
0
0
0
0
0
0
0
0
0
0
1.22704e-18
0
0
9.63735e-20
-2.4124e-18
0
3.49139e-18
0
0
3.44567e-18
1.17565e-18
0
9.63735e-20
0
-1.15575e-18
0
0
1.14107e-18
0
0
0
1.12181e-18
0
-9.19566e-19
-4.23764e-18
2.20581e-18
3.19833e-18
-9.9721e-19
0
0
9.63735e-20
9.78825e-19
2.14131e-18
0
9.63735e-20
2.11431e-18
0
-1.04826e-18
0
0
0
-1.96504e-18
-1.02637e-18
1.02205e-18
0
9.64339e-19
9.60311e-19
0
0
0
0
-1.78452e-18
0
0
0
0
-9.63735e-20
0
0
0
0
0
-3.40062e-18
0
0
0
0
-3.32686e-18
9.63735e-20
0
0
0
0
0
8.54799e-19
0
7.51401e-19
0
0
0
0
0
0
0
0
-9.63735e-20
0
0
0
0
0
7.9713e-19
0
0
0
-4.31977e-18
0
0
0
0
0
0
0
-1.32542e-18
0
0
0
1.39736e-18
0
2.67424e-18
0
0
0
-2.72309e-18
0
0
-2.68802e-18
0
0
0
0
-1.21895e-18
0
0
0
1.19648e-18
0
0
0
0
0
0
0
0
0
0
0
-2.35941e-18
0
0
0
3.52472e-18
0
0
0
0
-3.44811e-18
0
-2.24652e-18
0
-2.22661e-18
0
-2.20688e-18
0
0
0
0
0
1.02621e-18
0
0
0
0
0
-9.97959e-19
0
0
0
0
-2.0464e-18
0
-9.63735e-20
0
0
0
0
0
0
-1.96644e-18
9.30695e-19
0
0
0
-1.92345e-18
-9.09297e-19
-9.05077e-19
1.89813e-18
0
0
0
9.80641e-19
-9.63735e-20
0
0
9.1783e-19
3.5597e-18
-1.72407e-18
-9.63735e-20
0
0
0
0
0
0
8.80491e-19
-9.63735e-20
0
-8.69624e-19
-8.66035e-19
0
-2.48035e-18
4.08409e-18
9.63735e-20
1.6003e-18
0
2.33138e-18
9.63735e-20
0
3.13145e-18
0
0
2.26986e-18
0
-3.06389e-18
0
0
0
8.00926e-19
-2.99788e-18
2.98486e-18
-2.27711e-18
0
0
2.93338e-18
1.46033e-18
0
0
0
0
0
0
9.63735e-20
0
2.80881e-18
0
0
-2.67618e-18
-1.28392e-18
9.63735e-20
1.27203e-18
0
0
0
-1.24857e-18
0
0
1.42402e-18
-2.64386e-18
0
0
0
-2.59867e-18
0
-2.48002e-18
0
-3.7351e-18
0
-9.63735e-20
0
9.63735e-20
0
1.24466e-18
-9.63735e-20
0
0
1.22349e-18
-9.63735e-20
0
0
2.30904e-18
0
0
-9.63735e-20
-2.26825e-18
3.43544e-18
0
9.63735e-20
3.3905e-18
0
0
0
-1.14264e-18
0
0
0
0
0
-9.63735e-20
-1.10912e-18
0
0
0
0
-9.63735e-20
0
0
-9.63735e-20
0
0
0
0
0
0
-3.0262e-18
9.63735e-20
0
0
1.02344e-18
0
1.01486e-18
0
9.63735e-20
1.00213e-18
1.89948e-18
0
9.89577e-19
0
-2.84754e-18
0
-9.7311e-19
0
0
0
0
0
-9.48977e-19
9.4502e-19
9.63735e-20
0
0
0
-3.50929e-18
9.63735e-20
0
0
0
0
0
0
0
0
0
0
0
0
0
0
0
0
0
0
-1.62273e-18
-2.32776e-18
-4.44296e-18
0
-7.98183e-19
0
0
0
0
-1.46772e-18
0
0
0
0
0
0
0
0
0
0
0
0
0
-2.66613e-18
0
0
0
0
0
0
0
0
0
0
2.63432e-18
2.62298e-18
0
0
0
0
0
0
0
0
0
9.63735e-20
0
9.63735e-20
0
9.63735e-20
0
0
0
1.21389e-18
0
-2.40707e-18
0
0
9.63735e-20
1.08675e-18
-1.17808e-18
0
0
0
3.47442e-18
0
0
0
0
0
0
-1.12412e-18
0
0
0
0
1.00412e-18
0
0
0
2.06759e-18
0
0
0
0
0
0
0
0
0
0
0
1.02847e-18
-9.63735e-20
0
0
0
0
0
9.63735e-20
0
1.88412e-18
0
0
0
0
0
0
0
0
0
0
9.45657e-19
0
0
0
0
0
0
9.63735e-20
-5.19867e-18
0
0
-9.63735e-20
0
0
-1.68784e-18
0
0
0
0
0
9.63735e-20
0
0
0
0
1.6238e-18
0
1.61055e-18
-2.21321e-18
0
0
0
0
2.9503e-18
0
0
0
0
-1.34708e-18
-1.4372e-18
0
0
-1.41861e-18
1.3161e-18
-2.71637e-18
0
0
0
0
0
0
0
1.35851e-18
-9.63735e-20
2.69365e-18
2.48929e-18
0
2.65899e-18
0
0
0
1.21039e-18
0
1.39192e-18
0
-2.47252e-18
0
0
0
0
0
0
0
0
0
0
1.22518e-18
1.21994e-18
-1.21473e-18
1.20954e-18
0
0
0
0
-9.63735e-20
2.16504e-18
0
0
0
1.15894e-18
0
0
0
9.63735e-20
-9.63735e-20
0
0
0
0
0
0
9.63735e-20
-4.28995e-18
-1.09194e-18
0
0
0
0
0
-9.63735e-20
0
0
-1.05112e-18
0
-2.93408e-18
0
0
0
0
0
0
0
0
0
0
0
0
0
0
-9.78521e-19
1.94885e-18
-9.63735e-20
0
0
0
0
0
2.74251e-18
0
9.38424e-19
0
0
-9.26754e-19
0
0
-1.73412e-18
9.63735e-20
0
0
0
0
0
9.63735e-20
0
0
0
-3.30484e-18
0
-3.27602e-18
0
0
0
0
9.63735e-20
-9.63735e-20
0
0
-3.14959e-18
8.32154e-19
0
-8.2534e-19
1.46978e-18
0
1.45706e-18
-9.63735e-20
-9.63735e-20
0
-9.63735e-20
0
0
9.63735e-20
0
1.3049e-18
9.63735e-20
0
1.38318e-18
0
-2.64616e-18
2.7307e-18
0
0
0
-9.63735e-20
0
-9.63735e-20
1.22832e-18
0
0
-1.30767e-18
0
0
0
0
3.83946e-18
1.27433e-18
-9.63735e-20
0
3.67763e-18
0
0
3.62933e-18
0
0
2.45205e-18
0
0
0
0
-1.20005e-18
0
2.37967e-18
0
0
0
-9.63735e-20
0
2.31947e-18
-2.21323e-18
0
-1.145e-18
1.14013e-18
-9.63735e-20
0
0
0
0
0
0
9.63735e-20
-2.09829e-18
-1.09269e-18
0
3.05763e-18
0
0
0
0
-1.06077e-18
1.05629e-18
-2.10367e-18
0
0
-1.98081e-18
0
9.63735e-20
0
0
1.93749e-18
0
0
-9.07798e-19
0
-9.63735e-20
9.91591e-19
-9.63735e-20
0
0
1.75743e-18
1.84564e-18
1.83752e-18
0
-2.68391e-18
8.5851e-19
-1.80542e-18
0
0
-9.39056e-19
0
0
0
0
9.19682e-19
1.73535e-18
0
0
0
0
3.29896e-18
0
0
8.85923e-19
1.66814e-18
-7.82238e-19
3.30718e-18
-8.71367e-19
0
3.26401e-18
0
0
0
3.20739e-18
8.46537e-19
0
0
0
0
-8.29289e-19
7.29514e-19
8.22502e-19
0
0
0
8.09115e-19
8.05807e-19
1.60503e-18
0
0
0
-4.44785e-18
0
0
2.78031e-18
0
-9.63735e-20
-2.74445e-18
1.3663e-18
0
-9.63735e-20
-1.25233e-18
0
-2.57784e-18
0
0
1.31991e-18
0
0
9.63735e-20
0
0
0
-2.56142e-18
-2.55042e-18
-1.26974e-18
0
-2.51775e-18
0
0
2.48553e-18
0
0
0
-1.22163e-18
0
0
1.20603e-18
0
2.39151e-18
9.63735e-20
2.37115e-18
0
-1.17549e-18
0
0
0
-9.63735e-20
0
1.04941e-18
-1.23729e-18
-9.63735e-20
0
0
0
-9.63735e-20
0
0
-2.20551e-18
-9.63735e-20
0
0
0
-1.07962e-18
0
-2.04465e-18
0
0
1.05701e-18
0
-1.90348e-18
9.63735e-20
-3.02153e-18
9.38551e-19
0
-1.95609e-18
1.94746e-18
-9.63735e-20
0
0
9.0848e-19
2.00127e-18
0
9.63735e-20
1.97621e-18
0
-1.86332e-18
0
0
-1.83883e-18
9.63735e-20
-1.8227e-18
-4.68127e-18
0
0
-9.63735e-20
0
-9.35775e-19
0
-9.63735e-20
0
9.63735e-20
0
0
2.72664e-18
0
0
0
0
0
-9.63735e-20
0
-9.63735e-20
1.65476e-18
3.29505e-18
9.63735e-20
0
0
0
9.63735e-20
-9.63735e-20
9.63735e-20
0
0
0
0
-2.29677e-18
0
0
1.54298e-18
2.35258e-18
0
0
4.64529e-18
0
0
0
0
0
2.85807e-18
0
0
-9.63735e-20
9.63735e-20
0
0
-1.43298e-18
1.52315e-18
0
-9.63735e-20
0
0
0
-2.78031e-18
0
0
-9.63735e-20
9.63735e-20
-2.48898e-18
0
0
0
0
0
0
0
0
-2.48725e-18
0
0
2.45545e-18
0
0
0
0
0
-4.59358e-18
0
0
0
1.1763e-18
0
0
0
-3.27642e-18
0
9.63735e-20
-1.1417e-18
-1.13685e-18
0
-2.06168e-18
0
0
0
-1.01183e-18
0
0
0
0
-3.25483e-18
0
0
0
0
0
0
0
0
0
-1.04001e-18
0
0
0
9.26238e-19
0
0
1.00977e-18
0
-2.8112e-18
0
0
0
0
0
-9.76407e-19
0
0
0
0
9.63735e-20
9.52183e-19
0
0
0
0
3.53728e-18
0
0
-9.63735e-20
0
0
0
0
0
0
0
0
0
0
9.63735e-20
0
0
0
0
-1.62718e-18
0
0
0
0
0
0
0
0
8.3039e-19
0
-9.63735e-20
0
0
0
0
0
0
0
0
0
0
0
0
0
0
0
-1.54286e-18
0
0
0
0
0
0
0
0
0
2.86661e-18
0
0
-2.73451e-18
1.36136e-18
0
0
0
0
-1.33227e-18
0
0
0
0
0
-1.23385e-18
-3.68572e-18
1.22332e-18
0
3.54227e-18
0
-9.63735e-20
2.29844e-18
0
1.18721e-18
-2.3643e-18
-9.63735e-20
0
1.1671e-18
-1.06576e-18
9.63735e-20
9.63735e-20
0
0
-2.17888e-18
0
0
0
0
2.22738e-18
0
0
0
4.18699e-18
0
0
-1.08109e-18
-1.1729e-18
0
-1.06745e-18
0
0
-2.10798e-18
0
-9.48747e-19
0
0
0
-1.95889e-18
-9.63735e-20
0
0
0
9.63735e-20
9.63735e-20
0
0
-1.88252e-18
9.853e-19
0
-9.63735e-20
0
0
0
0
9.56819e-19
0
0
0
0
0
0
0
0
0
0
1.73142e-18
0
0
-9.63735e-20
0
0
0
0
-1.67169e-18
9.63735e-20
-9.63735e-20
0
-8.69509e-19
9.63735e-20
3.25665e-18
-1.62121e-18
1.51776e-18
9.63735e-20
0
0
9.63735e-20
0
0
0
9.23906e-19
0
0
-2.25945e-18
-1.62811e-18
2.33579e-18
0
0
0
9.63735e-20
0
-9.63735e-20
-1.57567e-18
0
-3.02935e-18
0
0
0
0
1.43499e-18
0
2.84518e-18
0
0
1.40421e-18
-9.63735e-20
0
0
-1.3801e-18
-2.65191e-18
0
0
-1.35643e-18
1.35058e-18
-2.59315e-18
-1.33897e-18
0
0
0
-2.63212e-18
-1.3104e-18
9.63735e-20
-2.59831e-18
-1.38995e-18
-9.63735e-20
0
-9.63735e-20
-2.54301e-18
0
0
0
2.49968e-18
9.63735e-20
-9.63735e-20
-2.3458e-18
-3.40734e-18
0
0
2.30611e-18
1.14815e-18
0
0
0
0
1.12397e-18
0
-2.13253e-18
-1.10973e-18
0
0
-9.9931e-19
0
0
-9.63735e-20
0
0
0
0
0
-2.10942e-18
-9.63735e-20
-9.63735e-20
-9.63735e-20
9.63735e-20
0
0
2.87926e-18
1.94302e-18
-9.63735e-20
1.01115e-18
0
-9.63735e-20
0
0
0
0
0
8.81355e-19
0
0
1.83465e-18
-9.63735e-20
0
0
0
0
-3.57361e-18
0
9.33763e-19
0
0
0
9.63735e-20
0
0
0
3.41994e-18
0
1.69503e-18
9.63735e-20
0
0
0
0
0
0
0
0
0
-3.23055e-18
8.52301e-19
0
0
0
8.38364e-19
0
-9.63735e-20
-8.28081e-19
0
0
0
-9.10965e-19
-9.63735e-20
-1.61588e-18
0
9.63735e-20
-7.01705e-19
0
0
0
9.63735e-20
0
-1.46115e-18
1.45482e-18
0
-9.63735e-20
0
0
1.42359e-18
0
0
0
2.79824e-18
0
0
0
0
0
2.72652e-18
0
0
2.59503e-18
0
0
0
1.32267e-18
0
0
1.2093e-18
0
0
0
0
9.63735e-20
-3.72078e-18
0
0
0
0
3.63967e-18
-1.14364e-18
0
0
0
1.12256e-18
0
0
0
0
0
-3.46772e-18
9.63735e-20
0
2.23043e-18
1.11049e-18
0
0
-1.00006e-18
0
0
0
0
0
0
0
0
-1.05543e-18
-1.05098e-18
1.04655e-18
1.04214e-18
0
0
2.99071e-18
1.0247e-18
0
1.0161e-18
1.01183e-18
1.00759e-18
0
1.90192e-18
0
2.77961e-18
0
0
0
0
9.63735e-20
9.63735e-20
-1.82789e-18
0
0
-9.50131e-19
0
0
0
9.34391e-19
9.30502e-19
0
-4.42114e-18
0
0
0
0
-1.71118e-18
-9.63735e-20
0
-2.48501e-18
8.88892e-19
3.34811e-18
8.81552e-19
0
-8.74281e-19
0
0
-9.63735e-20
-1.62351e-18
0
9.63735e-20
0
8.45863e-19
0
0
0
1.56772e-18
0
-3.10818e-18
-3.09465e-18
0
0
0
0
0
0
0
-2.98864e-18
0
0
0
-9.63735e-20
0
-9.63735e-20
-1.5459e-18
0
1.437e-18
1.43078e-18
0
0
0
-1.40618e-18
0
1.29767e-18
1.4844e-18
-9.63735e-20
0
0
0
0
0
0
0
-9.63735e-20
0
0
0
0
2.61316e-18
0
0
0
0
0
-1.27327e-18
0
-3.59436e-18
2.41754e-18
0
0
0
0
0
0
-2.43955e-18
0
-2.41874e-18
-2.40841e-18
0
0
0
0
1.08236e-18
0
0
0
-9.63735e-20
-1.15385e-18
0
1.14406e-18
0
0
0
3.27785e-18
0
0
0
0
0
0
-9.63735e-20
0
2.99281e-18
-1.95442e-18
0
0
0
-2.92844e-18
0
0
0
0
-1.97461e-18
9.83169e-19
-9.63735e-20
0
0
9.63735e-20
0
0
0
0
-9.46807e-19
0
0
0
0
0
-1.75042e-18
-9.19559e-19
0
0
9.08151e-19
0
0
8.969e-19
9.63735e-20
0
-3.35048e-18
0
0
0
0
0
0
0
0
0
0
0
-3.9256e-18
8.39479e-19
0
0
0
-2.38096e-18
0
0
0
0
0
0
2.21448e-18
0
1.59174e-18
0
0
0
0
0
0
0
0
0
0
0
0
1.92747e-19
0
0
0
0
-2.66961e-18
0
0
0
0
0
0
0
0
0
0
0
0
-3.8261e-18
0
0
1.2907e-18
0
0
0
0
0
2.51566e-18
0
-1.24707e-18
0
0
0
0
0
0
0
0
0
0
0
-2.27282e-18
0
0
-2.33903e-18
0
0
0
9.63735e-20
-2.28968e-18
0
0
2.26062e-18
0
0
1.01961e-18
0
0
0
-1.09718e-18
9.63735e-20
1.08792e-18
0
0
0
-2.0429e-18
0
0
2.01592e-18
1.0005e-18
0
3.87215e-18
-9.63735e-20
8.87461e-19
0
1.95123e-18
0
-1.83857e-18
9.6343e-19
0
0
0
0
-4.52473e-18
9.39564e-19
0
0
-8.31504e-19
0
0
9.16354e-19
9.12548e-19
0
0
0
0
-1.69119e-18
8.90082e-19
-8.86399e-19
0
0
2.52998e-18
8.71834e-19
0
0
-1.6258e-18
9.63735e-20
0
8.50488e-19
-9.63735e-20
9.63735e-20
8.40037e-19
8.36586e-19
3.13985e-18
0
0
0
0
0
-9.63735e-20
0
2.22596e-18
4.43214e-18
0
0
0
-1.48345e-18
0
-1.47061e-18
0
1.45788e-18
2.90312e-18
-2.98692e-18
0
0
0
9.63735e-20
0
0
1.40205e-18
-1.29962e-18
1.48634e-18
0
0
0
2.63586e-18
0
-4.06307e-18
0
0
3.91439e-18
0
2.65087e-18
0
9.63735e-20
0
1.30277e-18
0
-3.77843e-18
1.28605e-18
-9.63735e-20
0
9.63735e-20
0
0
0
2.49588e-18
0
0
-2.36758e-18
-9.63735e-20
-1.22146e-18
0
2.42208e-18
0
3.50578e-18
2.39119e-18
-2.38098e-18
-3.55624e-18
0
2.25428e-18
1.17032e-18
0
0
0
9.63735e-20
-9.63735e-20
0
2.3682e-18
-1.13109e-18
0
-3.26814e-18
1.11675e-18
0
1.1073e-18
9.63735e-20
1.09794e-18
0
0
9.63735e-20
-3.14204e-18
-3.03198e-18
9.63735e-20
-3.10117e-18
3.08767e-18
2.97786e-18
-9.63735e-20
-1.04797e-18
1.99074e-18
-2.92473e-18
0
2.99492e-18
-2.88554e-18
0
-2.95608e-18
0
9.63735e-20
0
0
-9.48085e-19
0
9.40197e-19
-1.77619e-18
-9.32382e-19
9.28502e-19
-1.75291e-18
1.74522e-18
9.63735e-20
0
0
0
0
0
-9.63735e-20
1.58861e-18
0
0
0
0
0
0
3.26817e-18
-9.63735e-20
-8.58109e-19
0
0
-1.50236e-18
0
-1.58482e-18
0
1.57103e-18
0
9.63735e-20
3.19757e-18
0
0
0
0
0
1.60694e-18
8.00189e-19
0
0
2.17856e-18
0
-1.47164e-18
0
0
0
0
-9.63735e-20
0
0
0
-9.63735e-20
-9.63735e-20
0
0
-1.48731e-18
0
0
-9.63735e-20
1.46344e-18
0
-1.25893e-18
9.63735e-20
0
0
2.56781e-18
2.65271e-18
0
2.62993e-18
0
0
0
-5.07362e-18
0
0
0
0
-1.265e-18
0
0
0
0
0
0
0
-9.63735e-20
0
0
9.63735e-20
-1.20155e-18
0
0
0
-2.36235e-18
0
0
9.63735e-20
-9.63735e-20
-9.63735e-20
0
3.34288e-18
-3.23188e-18
9.63735e-20
0
1.12706e-18
-2.14818e-18
-1.11751e-18
-2.12918e-18
0
-1.10336e-18
0
-9.63735e-20
9.93032e-19
0
0
1.07564e-18
9.63735e-20
-2.03678e-18
0
0
-2.10626e-18
2.001e-18
1.04427e-18
-1.03987e-18
0
9.63735e-20
0
1.94858e-18
9.63735e-20
0
0
-1.0054e-18
1.90599e-18
9.63735e-20
0
2.86955e-18
0
-9.63735e-20
-8.79903e-19
0
-9.68128e-19
-2.79587e-18
0
0
9.63735e-20
-3.59959e-18
0
0
-9.63735e-20
0
3.34291e-18
0
0
0
-1.64242e-18
9.63735e-20
0
0
9.63735e-20
0
0
0
2.33072e-18
3.15804e-18
0
-3.22696e-18
0
-3.10338e-18
0
-1.63458e-18
-8.13946e-19
0
0
0
-8.00717e-19
-9.63735e-20
-9.63735e-20
0
0
-1.56905e-18
4.30248e-18
0
-2.71445e-18
0
0
0
0
0
-2.92885e-18
0
-9.63735e-20
-1.39795e-18
0
0
2.66344e-18
0
0
-9.63735e-20
0
0
-1.34458e-18
-1.43516e-18
0
0
2.54676e-18
1.21951e-18
0
0
-1.29898e-18
1.2934e-18
0
-9.63735e-20
0
0
-1.26588e-18
-1.26045e-18
2.41372e-18
0
0
0
0
0
-9.63735e-20
-1.21792e-18
1.30909e-18
0
-1.20238e-18
0
0
0
0
0
0
0
0
1.15703e-18
0
0
0
-9.63735e-20
0
0
0
0
0
0
9.63735e-20
0
2.0932e-18
0
-1.08554e-18
0
0
0
0
2.12559e-18
0
0
0
0
-1.98478e-18
0
0
0
9.63735e-20
0
0
0
0
-9.05488e-19
0
-9.63735e-20
0
0
0
0
9.7285e-19
1.74482e-18
-9.64733e-19
0
0
0
9.48724e-19
2.64156e-18
-2.62974e-18
-9.36911e-19
9.3301e-19
0
9.25262e-19
0
0
0
9.09981e-19
0
0
0
0
0
0
0
0
0
8.31384e-19
3.02277e-18
0
0
0
2.25071e-18
0
-8.07835e-19
0
0
0
-9.63735e-20
0
2.96026e-18
0
0
9.63735e-20
0
0
0
0
0
0
0
-9.63735e-20
0
0
9.63735e-20
0
0
0
0
0
0
0
0
-2.67944e-18
0
0
0
0
0
0
0
0
0
0
2.65176e-18
0
0
0
0
-2.50107e-18
2.49035e-18
0
0
9.63735e-20
0
0
0
-3.62511e-18
0
0
0
0
0
9.63735e-20
0
0
0
2.21928e-18
1.1529e-18
0
0
0
-1.13342e-18
0
0
-1.11905e-18
0
9.63735e-20
0
0
0
0
0
0
-3.0386e-18
0
0
0
0
0
-1.05012e-18
0
0
-1.97743e-18
0
0
0
0
0
0
-1.00677e-18
0
0
0
0
0
0
0
0
0
0
-4.61401e-18
0
0
0
0
-1.78656e-18
0
0
0
0
0
-2.56186e-18
0
0
0
0
0
1.79116e-18
0
0
0
0
0
0
0
0
0
0
0
0
1.52036e-18
-9.63735e-20
-2.30895e-18
0
2.19298e-18
0
2.86596e-18
1.57111e-18
0
1.46198e-18
0
0
-2.69335e-18
0
0
0
0
-2.82417e-18
0
1.49628e-18
0
0
0
0
0
0
-2.71628e-18
-2.70456e-18
-2.69291e-18
0
2.76613e-18
2.56188e-18
0
0
0
0
0
0
-1.28963e-18
1.28409e-18
0
2.44981e-18
-2.53527e-18
0
3.77036e-18
-1.34777e-18
0
0
-9.63735e-20
-3.59395e-18
-1.22484e-18
0
0
0
1.10767e-18
-1.1989e-18
0
-3.46969e-18
0
1.17857e-18
2.44347e-18
0
0
9.63735e-20
-1.15369e-18
0
0
-2.27808e-18
0
0
0
2.23963e-18
0
0
0
-2.10552e-18
0
0
-9.90652e-19
9.63735e-20
0
-9.63735e-20
0
0
-2.02314e-18
0
9.63735e-20
0
0
-1.03761e-18
0
-1.96141e-18
-9.28189e-19
2.13688e-18
-1.01597e-18
0
0
0
0
1.89327e-18
-9.90654e-19
9.86503e-19
2.85074e-18
0
2.72975e-18
0
0
0
0
0
0
-2.64538e-18
0
0
0
-9.30378e-19
-9.26508e-19
0
-9.1882e-19
0
9.11203e-19
0
0
-3.4069e-18
0
0
-8.88774e-19
9.63735e-20
0
0
0
-8.70556e-19
-7.70589e-19
0
9.63735e-20
-8.56283e-19
9.63735e-20
0
0
0
9.63735e-20
9.63735e-20
-8.31936e-19
-2.29282e-18
9.63735e-20
0
0
0
-8.11689e-19
0
0
-1.52795e-18
-1.42538e-18
0
2.82615e-18
0
0
0
0
0
0
0
0
0
0
-9.63735e-20
0
1.43218e-18
1.23368e-18
9.63735e-20
0
-9.63735e-20
1.40368e-18
0
2.59219e-18
0
2.56997e-18
0
0
2.44065e-18
0
1.25766e-18
0
0
0
0
0
0
0
0
1.21004e-18
-9.63735e-20
0
0
-9.63735e-20
0
0
0
0
0
-1.15942e-18
-9.63735e-20
0
0
0
3.30856e-18
0
1.02899e-18
0
-9.63735e-20
-1.1111e-18
-2.21278e-18
1.19808e-18
0
0
0
-1.08317e-18
9.82214e-19
9.77656e-19
0
-1.06498e-18
0
0
0
0
0
1.03831e-18
1.03394e-18
9.63735e-20
-1.95414e-18
-1.02095e-18
1.93694e-18
0
2.83166e-18
0
0
1.991e-18
-9.63735e-20
1.87797e-18
0
-9.78922e-19
-9.74826e-19
-1.84512e-18
0
0
3.73815e-18
0
-1.80492e-18
0
0
9.38806e-19
9.34896e-19
-9.31005e-19
4.44291e-18
2.57708e-18
0
0
0
0
9.63735e-20
9.63735e-20
8.96782e-19
4.97291e-18
-8.89369e-19
0
1.66768e-18
0
-7.78376e-19
0
0
-9.63735e-20
0
8.56854e-19
3.22055e-18
0
-9.63735e-20
0
0
1.57547e-18
-1.5686e-18
9.63735e-20
8.25671e-19
-8.22286e-19
-3.08292e-18
0
0
1.52143e-18
0
0
7.02655e-19
0
-7.92521e-19
9.63735e-20
0
-1.46937e-18
0
-1.45666e-18
-4.44741e-18
9.63735e-20
-4.40979e-18
-2.72007e-18
0
0
-1.34252e-18
-1.33674e-18
0
-9.63735e-20
-3.86227e-18
-1.41024e-18
1.21185e-18
0
0
0
0
2.56071e-18
0
0
9.63735e-20
9.63735e-20
0
0
0
-1.33348e-18
0
0
0
-1.21607e-18
0
0
0
0
-1.19033e-18
-9.63735e-20
1.1802e-18
2.25396e-18
0
1.16518e-18
0
0
1.15037e-18
1.14547e-18
0
1.13576e-18
3.29643e-18
0
1.12135e-18
9.63735e-20
-2.22372e-18
-9.63735e-20
1.10246e-18
2.0992e-18
2.18628e-18
0
-9.63735e-20
2.15865e-18
1.07476e-18
0
-4.26281e-18
-1.0612e-18
1.1531e-18
0
-1.04783e-18
-1.99046e-18
0
-2.16567e-18
0
0
0
2.0347e-18
9.63735e-20
0
0
0
0
0
-9.63735e-20
9.63735e-20
0
8.79112e-19
1.94281e-18
0
0
0
0
0
0
0
0
0
0
0
0
0
-9.16233e-19
9.12427e-19
0
9.63735e-20
0
0
-7.97292e-19
8.89965e-19
0
-9.63735e-20
-8.78966e-19
0
3.29413e-18
9.63735e-20
-9.63735e-20
0
-8.57425e-19
0
9.63735e-20
0
0
0
0
9.29414e-19
1.56287e-18
9.63735e-20
2.27575e-18
0
0
9.63735e-20
0
0
0
0
-7.96293e-19
0
-9.63735e-20
0
-9.63735e-20
0
0
0
-4.23884e-18
0
0
0
0
0
-9.63735e-20
0
0
0
0
-2.75559e-18
0
0
2.81644e-18
0
1.28125e-18
0
0
-3.60173e-18
0
0
0
0
0
0
0
0
0
0
0
0
2.48889e-18
-3.47708e-18
0
0
0
0
0
0
0
9.63735e-20
0
-1.14139e-18
0
0
0
0
1.11736e-18
-1.11262e-18
0
1.10321e-18
0
0
0
0
0
0
0
0
0
0
0
0
0
9.63735e-20
0
0
0
0
-2.86137e-18
0
0
0
-2.90677e-18
0
0
9.8851e-19
0
0
0
1.94412e-18
0
-9.63735e-20
0
-9.55918e-19
0
0
0
0
-1.77594e-18
-3.53629e-18
0
0
0
-9.16848e-19
1.72971e-18
0
0
0
0
-4.1822e-18
0
1.67738e-18
0
0
0
0
0
0
-9.63735e-20
0
0
0
-1.59851e-18
0
0
-1.57769e-18
0
0
0
0
0
8.16644e-19
0
3.04715e-18
0
0
0
0
0
0
0
0
0
0
0
0
1.43982e-18
0
2.85476e-18
0
0
0
9.63735e-20
0
0
0
0
0
0
0
-1.35511e-18
0
0
0
0
0
0
0
0
2.607e-18
-1.2979e-18
0
0
0
0
0
0
1.19708e-18
0
0
0
0
0
0
0
0
0
-9.63735e-20
0
0
0
0
0
0
1.11339e-18
0
0
0
0
1.09e-18
0
0
0
-1.07169e-18
0
9.6628e-19
-1.05817e-18
0
0
1.9933e-18
0
0
-3.93403e-18
-1.02735e-18
0
-1.01873e-18
0
0
0
0
0
0
0
0
0
0
-9.63735e-20
0
-9.64604e-19
0
0
0
0
0
0
0
-9.32886e-19
-1.76163e-18
0
0
0
0
0
0
0
0
0
0
0
-3.24607e-18
0
0
0
0
0
0
0
0
0
0
0
0
0
0
1.56507e-18
0
-9.63735e-20
0
0
0
0
0
0
0
0
0
0
0
0
0
0
0
0
-9.63735e-20
0
0
0
0
0
0
0
0
0
0
0
-9.63735e-20
0
0
0
0
0
0
-1.3271e-18
0
0
0
1.30441e-18
0
0
0
0
0
0
0
0
0
0
0
0
0
0
0
0
0
0
0
1.04173e-18
0
0
1.12366e-18
-2.23779e-18
0
0
0
0
0
0
-1.08614e-18
-1.08154e-18
0
9.63735e-20
0
0
0
0
0
0
0
0
0
0
-1.02373e-18
0
0
0
-9.63735e-20
0
-9.98202e-19
0
0
0
0
-9.63735e-20
0
0
-1.83414e-18
0
9.63735e-20
0
0
0
0
0
0
0
0
0
-2.5615e-18
0
0
9.63735e-20
0
0
0
0
8.88062e-19
-7.88014e-19
0
0
-4.85531e-18
0
1.63617e-18
0
3.24381e-18
0
3.21556e-18
0
0
-9.63735e-20
0
0
0
0
0
0
0
0
-9.63735e-20
0
7.08054e-19
0
2.99873e-18
0
0
2.86347e-18
0
-4.40133e-18
0
0
0
-1.44184e-18
0
0
1.42319e-18
0
0
0
0
0
0
0
-2.65307e-18
0
0
0
0
0
0
0
0
0
0
0
0
0
0
0
0
0
0
3.70337e-18
0
-1.15937e-18
0
0
0
0
0
0
-1.2186e-18
0
0
0
0
0
0
0
0
0
0
-1.16262e-18
0
9.63735e-20
0
0
0
0
0
0
-4.25642e-18
0
-2.11029e-18
-9.63735e-20
0
0
0
0
0
0
-1.02012e-18
1.01583e-18
-1.01156e-18
0
0
0
0
0
0
0
9.63735e-20
0
0
-2.80135e-18
2.88562e-18
-1.81934e-18
0
-9.49878e-19
0
0
0
0
0
0
9.22532e-19
0
0
0
0
0
1.70321e-18
-2.59181e-18
9.63735e-20
0
-2.55857e-18
-3.33253e-18
-8.77676e-19
3.30345e-18
0
0
-9.63735e-20
3.24611e-18
-9.63735e-20
0
1.60189e-18
0
8.42163e-19
9.63735e-20
-3.14828e-18
3.13456e-18
-8.28413e-19
-9.63735e-20
-1.54689e-18
-2.26206e-18
0
0
8.08263e-19
0
0
-1.59679e-18
7.95139e-19
0
0
0
0
0
0
0
0
0
0
0
0
0
2.7152e-18
0
0
0
0
2.75136e-18
0
0
0
-2.80057e-18
0
-9.63735e-20
-2.66939e-18
0
1.32322e-18
0
9.63735e-20
-3.82229e-18
0
1.29502e-18
-2.48254e-18
-1.38029e-18
0
0
0
1.26202e-18
0
-3.65731e-18
0
2.48107e-18
0
0
0
0
0
-2.22533e-18
0
0
0
0
0
-9.63735e-20
0
0
0
-1.15846e-18
3.36423e-18
0
0
0
-3.40214e-18
1.2256e-18
-9.31688e-19
0
0
0
0
1.1008e-18
0
0
1.0338e-18
-1.86616e-18
0
0
-2.03304e-18
0
-9.63735e-20
0
0
0
0
0
0
0
-9.74696e-19
9.63735e-20
0
0
0
2.76713e-18
0
-9.46555e-19
9.42609e-19
9.63735e-20
0
0
0
0
0
2.55374e-18
-9.63735e-20
0
3.42383e-18
0
0
0
2.47501e-18
0
-8.81909e-19
2.44204e-18
0
0
-3.27696e-18
0
0
0
0
0
0
1.58907e-18
0
0
-8.32379e-19
0
-4.56788e-18
0
9.63735e-20
1.53454e-18
8.1212e-19
-3.75487e-18
-6.12744e-19
0
7.98924e-19
0
0
0
-9.63735e-20
4.31114e-18
2.9256e-18
0
1.45014e-18
0
-9.63735e-20
0
0
0
1.41288e-18
0
0
0
0
2.76522e-18
0
0
-1.36479e-18
-1.3589e-18
-1.35304e-18
-2.69441e-18
-2.58643e-18
-1.33562e-18
0
0
2.6369e-18
0
-1.30713e-18
-2.50665e-18
0
1.29035e-18
-2.37687e-18
1.27929e-18
0
0
2.42942e-18
0
2.50419e-18
0
-9.63735e-20
-1.23608e-18
0
0
0
2.43013e-18
0
0
0
0
0
0
1.17923e-18
-1.1742e-18
9.63735e-20
0
-2.4149e-18
0
0
0
0
0
-9.63735e-20
0
-1.12043e-18
1.11568e-18
2.12552e-18
0
0
0
0
-4.15774e-18
0
-1.07844e-18
-9.63735e-20
0
1.06483e-18
-1.06034e-18
1.05586e-18
-9.63735e-20
0
0
0
-9.37429e-19
0
-9.75355e-19
9.63735e-20
-9.67215e-19
0
4.603e-18
-2.86544e-18
0
0
0
0
9.63735e-20
9.63735e-20
0
0
0
-9.63735e-20
0
0
9.63735e-20
-8.04625e-19
-1.79453e-18
9.63735e-20
0
-2.56212e-18
-2.45475e-18
0
0
3.29367e-18
-3.1829e-18
9.63735e-20
0
9.63735e-20
0
-1.60416e-18
0
0
8.39817e-19
0
-3.13898e-18
1.65903e-18
3.1117e-18
1.64545e-18
9.63735e-20
0
0
8.09333e-19
0
0
0
0
0
2.86971e-18
9.63735e-20
9.63735e-20
0
0
0
-1.44487e-18
9.63735e-20
9.63735e-20
0
-1.51639e-18
0
0
0
-1.39561e-18
0
-9.63735e-20
0
0
-1.26936e-18
0
0
0
9.63735e-20
2.57673e-18
1.3308e-18
0
-2.7351e-18
-1.31369e-18
0
0
-1.29682e-18
0
-1.2857e-18
0
0
0
0
0
1.25296e-18
0
0
0
0
0
9.63735e-20
1.21591e-18
9.63735e-20
0
0
0
2.38034e-18
0
2.36008e-18
-1.17501e-18
-9.63735e-20
0
-2.22375e-18
-3.369e-18
-1.15021e-18
0
0
0
-9.63735e-20
-9.63735e-20
0
0
0
0
-9.63735e-20
1.09764e-18
-9.63735e-20
-1.08837e-18
1.08376e-18
0
1.07462e-18
0
0
0
0
0
3.0467e-18
-9.63735e-20
-1.03888e-18
-9.63735e-20
-9.33779e-19
0
-9.25132e-19
-1.01721e-18
0
-9.63735e-20
9.08076e-19
0
0
0
1.87904e-18
0
-9.79454e-19
0
0
0
3.57053e-18
0
0
0
1.70683e-18
0
0
0
0
0
0
0
9.63735e-20
9.63735e-20
-9.63735e-20
-1.62649e-18
0
0
0
0
-3.18263e-18
-3.07238e-18
0
0
0
0
0
-9.63735e-20
9.63735e-20
0
0
-8.06557e-19
0
4.41438e-18
0
-2.28402e-18
-2.96817e-18
-9.63735e-20
-1.47123e-18
-9.63735e-20
0
0
-9.63735e-20
0
0
0
1.42101e-18
0
9.63735e-20
1.40265e-18
0
-2.68473e-18
0
0
0
0
9.63735e-20
0
1.34909e-18
-1.43965e-18
0
0
0
9.63735e-20
2.53283e-18
-9.63735e-20
0
0
0
0
3.74684e-18
0
0
-2.43293e-18
-1.25923e-18
-1.15746e-18
0
2.48623e-18
0
0
0
0
0
0
0
3.50729e-18
-1.29247e-18
0
0
0
1.17582e-18
0
0
0
0
0
0
1.14123e-18
-1.13638e-18
-3.2983e-18
0
9.63735e-20
2.13805e-18
3.14467e-18
0
0
1.09839e-18
-2.09111e-18
0
0
0
0
2.14162e-18
2.0362e-18
0
-9.63735e-20
0
9.63735e-20
0
0
0
0
0
0
0
0
-9.63735e-20
0
1.00091e-18
9.63735e-20
0
0
0
0
0
0
0
-9.63735e-20
-1.82322e-18
-9.63735e-20
0
0
0
0
5.32707e-18
0
0
0
-2.53279e-18
0
0
1.73116e-18
0
0
0
0
0
0
0
0
0
2.2991e-18
-7.30833e-19
9.63735e-20
-1.5445e-18
9.63735e-20
0
0
0
0
0
0
0
0
0
0
1.27313e-18
0
-9.63735e-20
0
0
0
0
-9.63735e-20
0
1.40972e-18
0
9.63735e-20
0
-1.38551e-18
0
0
0
0
0
0
-2.68842e-18
0
0
0
-2.54603e-18
-1.31552e-18
0
0
0
0
0
0
-1.27646e-18
0
0
-2.52021e-18
0
0
0
0
0
0
0
0
0
0
0
0
-9.63735e-20
0
2.26696e-18
-9.63735e-20
-1.17162e-18
0
2.32332e-18
9.63735e-20
0
-9.63735e-20
0
1.13717e-18
-9.63735e-20
-3.28621e-18
1.12274e-18
-1.21435e-18
0
0
-9.63735e-20
0
0
0
-9.63735e-20
-9.63735e-20
9.63735e-20
1.07154e-18
0
9.63735e-20
2.01968e-18
-2.96794e-18
0
0
0
1.03592e-18
0
0
0
-1.01859e-18
0
2.93379e-18
0
0
-9.63735e-20
1.98642e-18
9.63735e-20
-1.96981e-18
0
-9.76676e-19
0
0
0
0
0
0
0
0
0
0
0
0
0
0
3.47662e-18
0
0
0
0
0
0
0
-1.67833e-18
0
0
3.88384e-18
8.31166e-19
0
0
3.09118e-18
3.79898e-18
9.63735e-20
9.63735e-20
0
0
8.9741e-19
-2.29693e-18
0
0
0
-9.63735e-20
0
-1.55692e-18
0
9.63735e-20
0
2.87079e-18
0
0
0
0
0
0
0
0
2.76098e-18
0
-9.63735e-20
9.63735e-20
1.45319e-18
-2.79831e-18
0
-1.33935e-18
0
0
1.32212e-18
0
-9.63735e-20
-1.40151e-18
-9.63735e-20
0
0
0
0
3.71921e-18
9.63735e-20
0
0
0
-2.48967e-18
-1.14313e-18
9.63735e-20
-3.59039e-18
1.22366e-18
2.43686e-18
-1.11685e-18
0
0
0
1.19263e-18
1.28392e-18
9.63735e-20
0
-1.17242e-18
0
0
0
0
0
0
-4.35904e-18
0
0
3.37053e-18
-1.02237e-18
0
0
-9.63735e-20
-2.10342e-18
0
-3.17543e-18
0
-1.0814e-18
9.63735e-20
-1.07227e-18
0
0
1.05875e-18
-2.01219e-18
-9.63735e-20
1.04541e-18
0
-3.01349e-18
9.35884e-19
1.95945e-18
-1.02359e-18
2.03857e-18
1.015e-18
0
1.0065e-18
0
0
0
0
-8.89198e-19
-1.86652e-18
9.63735e-20
0
0
1.83388e-18
0
0
0
0
-8.4878e-19
-3.66848e-18
0
0
-2.69214e-18
-1.7549e-18
-3.49441e-18
0
8.17772e-19
0
9.63735e-20
0
-8.99069e-19
-9.63735e-20
0
0
0
9.63735e-20
-9.63735e-20
0
0
1.63594e-18
8.62583e-19
9.63735e-20
0
0
0
1.59356e-18
-1.58661e-18
0
1.57281e-18
0
0
0
0
1.46157e-18
0
0
0
0
0
0
0
2.82339e-18
0
0
0
0
0
0
-1.36955e-18
0
-1.35776e-18
0
0
0
0
0
0
0
0
0
0
0
0
-1.28374e-18
0
-2.54549e-18
0
0
0
0
0
9.63735e-20
0
9.63735e-20
0
0
0
0
0
0
0
-2.28036e-18
0
0
0
0
-1.16326e-18
0
-9.63735e-20
0
0
0
9.63735e-20
2.25815e-18
0
0
0
0
0
1.19702e-18
0
-9.63735e-20
0
0
0
-2.04964e-18
0
0
0
0
2.00473e-18
0
0
0
0
0
0
-1.01998e-18
0
0
0
0
0
0
0
0
-9.82109e-19
0
0
0
0
0
0
0
0
0
0
0
2.60931e-18
-9.30131e-19
0
0
0
0
0
0
0
0
0
0
0
0
0
0
0
0
0
0
0
0
0
0
0
0
0
0
0
0
0
0
0
-2.34806e-18
0
0
0
0
1.50021e-18
0
0
0
-9.63735e-20
-2.78888e-18
-9.63735e-20
0
0
9.63735e-20
2.63282e-18
0
0
0
0
0
0
0
0
0
0
0
0
0
0
-1.37549e-18
0
0
0
0
-2.50385e-18
0
0
0
0
0
0
-3.54833e-18
0
1.20454e-18
0
-2.38856e-18
1.18918e-18
0
0
-9.63735e-20
0
1.06769e-18
9.63735e-20
-9.63735e-20
0
2.28875e-18
0
0
2.2597e-18
0
0
-1.11553e-18
0
-1.00972e-18
0
9.63735e-20
0
2.07858e-18
0
9.81923e-19
0
9.7283e-19
-3.09769e-18
-2.98783e-18
0
0
-1.04684e-18
0
-1.97969e-18
0
1.02931e-18
0
-2.04135e-18
-1.01638e-18
0
0
0
0
2.98569e-18
1.88575e-18
0
-9.82774e-19
0
0
-9.7049e-19
9.66433e-19
0
0
0
0
0
0
9.63735e-20
0
0
0
9.2303e-19
0
9.15374e-19
9.11573e-19
0
0
0
0
0
9.63735e-20
0
3.33442e-18
7.81774e-19
0
0
0
0
9.63735e-20
0
8.531e-19
0
-8.46092e-19
0
-9.63735e-20
0
0
0
0
0
0
4.69936e-18
-9.63735e-20
-9.63735e-20
-8.05386e-19
9.63735e-20
0
0
-3.67245e-18
0
0
0
9.63735e-20
1.45625e-18
-1.2572e-18
2.88732e-18
0
0
0
9.63735e-20
0
0
3.89547e-18
0
-9.63735e-20
1.21714e-18
-2.51935e-18
0
0
-1.38744e-18
0
0
1.27451e-18
0
-2.5272e-18
0
0
0
2.38779e-18
-1.14039e-18
0
0
0
0
0
0
0
2.39021e-18
0
0
0
-9.63735e-20
1.16984e-18
-9.63735e-20
-9.63735e-20
1.15497e-18
9.63735e-20
-9.63735e-20
0
0
0
3.28111e-18
2.2421e-18
-2.23259e-18
0
0
1.00578e-18
0
0
0
0
0
-3.12705e-18
-1.06993e-18
0
-2.12184e-18
0
3.05958e-18
-9.63735e-20
0
0
-9.63735e-20
0
0
9.63735e-20
-1.01707e-18
-1.0128e-18
0
1.91226e-18
0
-1.99181e-18
8.95358e-19
0
0
-9.63735e-20
-1.85408e-18
0
0
-9.63045e-19
9.59022e-19
0
0
-2.64845e-18
0
0
-3.54836e-18
0
9.27508e-19
-1.75093e-18
0
1.73561e-18
-9.63735e-20
0
9.0463e-19
1.70538e-18
9.63735e-20
0
0
0
-9.63735e-20
0
0
3.29321e-18
0
0
0
0
0
0
0
0
-8.39706e-19
0
0
0
0
0
0
1.43903e-18
-3.05746e-18
0
0
-8.02625e-19
0
0
7.92837e-19
0
9.63735e-20
0
4.29449e-18
0
0
0
-1.43841e-18
0
4.18159e-18
0
0
1.31119e-18
0
0
0
0
0
0
0
-1.35966e-18
-9.63735e-20
-1.34796e-18
-1.43852e-18
0
0
0
9.87471e-19
9.83335e-19
-1.95844e-18
-9.63735e-20
0
2.7082e-18
0
0
0
0
9.46967e-19
-2.63631e-18
3.56361e-18
0
0
0
0
1.74306e-18
0
0
0
0
0
0
0
7.93263e-19
0
0
0
1.65365e-18
0
0
0
1.62494e-18
0
0
0
0
-8.43085e-19
0
0
9.63735e-20
0
0
2.27484e-18
0
0
0
0
2.32113e-18
1.60508e-18
0
-7.96003e-19
0
2.96535e-18
0
-2.93967e-18
0
0
0
0
0
0
0
0
0
0
0
0
1.38924e-18
0
0
0
0
0
0
0
0
0
0
1.32474e-18
0
0
0
-1.3021e-18
0
0
-2.57077e-18
1.27987e-18
0
0
0
9.63735e-20
0
0
0
0
0
0
0
0
0
0
0
0
0
0
0
1.17472e-18
0
0
0
0
0
0
-9.63735e-20
0
1.13051e-18
0
0
0
1.01507e-18
2.21346e-18
0
0
0
3.16793e-18
0
9.63735e-20
0
0
0
1.0608e-18
0
0
9.63735e-20
2.08605e-18
0
0
0
1.95477e-18
0
9.63735e-20
0
0
0
-1.90362e-18
0
9.91626e-19
1.06665e-18
9.63735e-20
0
0
-2.00114e-18
0
-1.03994e-18
1.03556e-18
2.0624e-18
0
-9.63735e-20
1.01825e-18
0
9.63735e-20
1.91456e-18
-9.63735e-20
-9.9705e-19
-1.79299e-18
0
0
-1.96089e-18
-9.76342e-19
-9.63735e-20
0
0
0
9.63735e-20
0
-2.74807e-18
0
0
1.77631e-18
0
0
1.75303e-18
9.20858e-19
0
3.46014e-18
0
0
0
0
8.94442e-19
0
9.63735e-20
0
0
0
8.72474e-19
-9.63735e-20
-8.65287e-19
0
-9.63735e-20
0
0
9.63735e-20
7.47748e-19
-1.6813e-18
0
8.33759e-19
0
0
0
-2.26775e-18
0
8.13461e-19
0
0
-1.4143e-18
0
0
0
0
9.63735e-20
0
0
0
0
4.24279e-18
2.88024e-18
1.43388e-18
0
9.63735e-20
0
-4.32405e-18
9.63735e-20
1.39707e-18
0
1.92747e-19
-1.47542e-18
0
0
-2.72253e-18
0
-9.63735e-20
0
1.33795e-18
2.66437e-18
0
3.86584e-18
-2.53374e-18
9.63735e-20
-9.63735e-20
0
-9.63735e-20
-1.38341e-18
-9.63735e-20
2.45565e-18
0
0
0
1.25426e-18
-2.49778e-18
0
-2.47643e-18
2.46583e-18
0
1.22239e-18
-1.21716e-18
0
-1.20678e-18
0
-9.63735e-20
0
0
0
1.17622e-18
-1.17121e-18
0
0
0
0
0
1.14162e-18
0
-1.13194e-18
2.25427e-18
1.02598e-18
2.13881e-18
-3.33855e-18
-9.63735e-20
9.63735e-20
0
0
0
-1.08487e-18
0
-9.79343e-19
-2.04597e-18
-9.63735e-20
0
1.14307e-18
0
0
0
0
-9.63735e-20
2.13215e-18
-2.21908e-18
0
0
-3.19012e-18
0
0
-1.08165e-18
3.13486e-18
-1.07253e-18
9.63735e-20
9.63735e-20
0
9.63735e-20
-1.05008e-18
-9.63735e-20
-9.63735e-20
-9.63735e-20
-1.96863e-18
-9.63735e-20
0
0
2.94935e-18
9.63735e-20
1.00673e-18
0
0
0
0
0
0
9.77564e-19
0
0
2.79968e-18
-8.64945e-19
9.57304e-19
-1.90662e-18
0
0
1.78649e-18
0
0
0
-9.63735e-20
0
-9.18171e-19
0
0
1.81356e-18
0
0
0
-3.37462e-18
0
8.84474e-19
8.80817e-19
7.80802e-19
0
0
8.66355e-19
8.62781e-19
-1.62207e-18
0
0
9.63735e-20
-3.28427e-18
0
0
-1.47682e-18
-8.31356e-19
0
8.24549e-19
-2.36714e-18
2.35704e-18
3.78317e-18
0
2.42342e-18
0
9.63735e-20
-7.97948e-19
0
0
0
0
0
1.26815e-18
0
-1.44826e-18
0
0
1.42953e-18
9.63735e-20
-2.83436e-18
0
0
0
0
0
1.38082e-18
0
9.63735e-20
1.26665e-18
0
0
9.63735e-20
9.63735e-20
0
-1.32816e-18
-1.22607e-18
1.31675e-18
0
0
0
0
-1.28869e-18
-2.56631e-18
1.27765e-18
2.44796e-18
-1.26671e-18
1.1649e-18
0
0
0
0
0
0
-1.12758e-18
0
2.5234e-18
0
9.63735e-20
2.39606e-18
0
2.37565e-18
0
-1.17772e-18
0
0
0
0
1.05648e-18
1.05158e-18
0
0
0
-9.63735e-20
1.21506e-18
2.41974e-18
0
-1.19956e-18
2.38888e-18
0
0
0
-2.25202e-18
0
9.63735e-20
0
-1.15433e-18
0
-3.24084e-18
1.23604e-18
0
0
1.1252e-18
0
0
0
9.63735e-20
0
0
-9.95867e-19
-1.08762e-18
1.08302e-18
0
-2.05139e-18
0
-9.63735e-20
0
3.07121e-18
0
-1.04697e-18
0
-2.07634e-18
-2.0676e-18
-2.8956e-18
0
-2.96605e-18
0
0
1.008e-18
9.63735e-20
0
0
9.63735e-20
0
0
0
9.74693e-19
0
9.63735e-20
-1.82867e-18
0
0
1.80466e-18
9.63735e-20
0
0
0
-1.76538e-18
-3.51527e-18
0
-9.19313e-19
0
0
0
0
0
0
2.48609e-18
0
0
-6.89159e-19
-9.63735e-20
0
0
-9.63735e-20
0
0
0
-8.53209e-19
-2.45272e-18
0
0
0
1.57524e-18
-8.32377e-19
0
0
0
0
0
9.63735e-20
1.42484e-18
-1.41823e-18
0
-2.39677e-18
0
2.28087e-18
0
-9.63735e-20
1.56554e-18
0
9.63735e-20
0
0
0
0
0
0
0
0
1.40068e-18
9.63735e-20
-9.63735e-20
0
-1.37664e-18
-1.3707e-18
0
2.71779e-18
0
-2.79078e-18
9.63735e-20
9.63735e-20
-1.42624e-18
-9.63735e-20
0
0
-9.63735e-20
0
0
0
2.47324e-18
0
0
0
0
0
0
1.24673e-18
0
0
0
9.63735e-20
9.63735e-20
0
9.63735e-20
-2.70274e-18
1.29758e-18
2.48764e-18
2.47654e-18
0
0
1.26996e-18
-2.43266e-18
0
0
9.63735e-20
0
1.23766e-18
-2.46472e-18
0
3.66552e-18
-9.63735e-20
0
0
0
0
2.28535e-18
0
-3.34943e-18
0
0
0
0
2.21522e-18
0
-1.14598e-18
-1.14111e-18
0
0
0
-2.14733e-18
2.04144e-18
1.11235e-18
-2.1189e-18
1.10295e-18
0
-9.63735e-20
2.17799e-18
0
2.15961e-18
1.07524e-18
0
1.06617e-18
-1.06167e-18
0
0
-2.00022e-18
-9.47503e-19
0
0
-1.03074e-18
0
0
0
9.63735e-20
0
0
1.00081e-18
0
-8.96059e-19
9.88274e-19
2.75966e-18
-1.96003e-18
0
0
0
9.63723e-19
3.64604e-18
0
0
0
-2.73497e-18
0
9.35934e-19
3.5354e-18
0
9.24298e-19
0
0
0
0
0
3.50966e-18
0
-1.69173e-18
3.36865e-18
-1.67696e-18
0
-1.66232e-18
-1.65505e-18
0
8.68495e-19
-2.40199e-18
-1.72269e-18
-8.57794e-19
8.5426e-19
8.50743e-19
0
0
-9.63735e-20
-9.63735e-20
-3.97425e-18
2.29719e-18
0
0
0
0
0
0
-1.51657e-18
0
0
7.96633e-19
1.49039e-18
0
-1.57386e-18
-1.56745e-18
-1.92747e-19
0
0
-2.89146e-18
9.63735e-20
0
0
0
0
0
0
0
0
0
0
0
0
1.36065e-18
-2.70956e-18
1.34894e-18
9.63735e-20
0
-1.23521e-18
2.7738e-18
0
-4.36445e-18
1.51291e-18
0
0
0
0
0
2.66402e-18
0
0
9.63735e-20
0
9.63735e-20
0
9.63735e-20
0
-9.63735e-20
1.32184e-18
0
0
1.30486e-18
0
-1.29367e-18
-1.28811e-18
-9.63735e-20
0
2.44681e-18
0
1.26071e-18
0
0
-1.1482e-18
0
0
-9.63735e-20
0
2.43635e-18
0
0
0
1.19749e-18
0
0
0
0
0
0
0
0
0
0
1.14256e-18
-2.17904e-18
3.39862e-18
1.12806e-18
-1.12328e-18
1.02214e-18
-1.11377e-18
1.10904e-18
0
0
0
0
0
-1.08117e-18
0
-9.63735e-20
2.03867e-18
3.09267e-18
0
0
0
0
-1.04079e-18
2.07281e-18
-3.93542e-18
0
9.63735e-20
2.96085e-18
-9.63735e-20
0
0
0
-9.97861e-19
0
-1.88265e-18
9.85367e-19
-9.63735e-20
-8.80761e-19
-2.04247e-18
0
-1.83348e-18
0
-2.77428e-18
0
0
0
-8.44646e-19
0
-8.36824e-19
0
0
0
-1.73917e-18
0
-9.63735e-20
3.52917e-18
-8.06253e-19
-1.79777e-18
0
2.57799e-18
0
3.34361e-18
0
1.65722e-18
-9.63735e-20
0
1.63558e-18
0
0
8.55313e-19
0
0
0
-9.63735e-20
0
0
2.30024e-18
0
0
-7.24442e-19
0
0
0
0
-1.60832e-18
2.30625e-18
1.59521e-18
0
0
0
0
9.63735e-20
0
0
1.4476e-18
9.63735e-20
0
0
0
0
0
8.08448e-19
0
0
-9.63735e-20
0
0
0
9.63735e-20
0
-1.46213e-18
1.45579e-18
0
0
-1.43695e-18
0
0
0
0
-1.40613e-18
0
0
0
0
0
-1.37007e-18
0
0
9.63735e-20
0
0
1.33501e-18
0
2.55071e-18
0
0
0
0
0
0
0
0
0
0
0
0
0
0
0
0
0
0
-2.43946e-18
0
0
0
0
0
0
0
-1.17869e-18
0
0
0
0
0
0
0
0
0
0
0
0
0
0
0
0
-3.09644e-18
0
0
0
0
-2.05043e-18
-2.04137e-18
0
-9.63735e-20
0
0
-2.09302e-18
0
0
-2.06668e-18
0
0
0
0
0
0
0
0
0
0
0
0
0
-9.74264e-19
0
-9.66134e-19
0
0
0
0
0
0
0
0
0
0
0
0
0
0
0
0
0
0
0
0
0
0
0
0
0
0
0
0
0
0
8.49329e-19
0
0
0
0
0
0
0
0
0
0
0
0
0
0
1.62557e-18
0
0
0
0
0
0
0
0
0
0
0
0
0
0
0
0
0
0
0
-9.63735e-20
0
0
0
0
0
0
0
0
0
-1.42638e-18
0
0
-1.50432e-18
0
0
0
0
0
0
0
0
0
0
2.68504e-18
-2.67347e-18
0
-9.63735e-20
0
0
-1.30822e-18
0
2.59399e-18
0
0
0
0
0
0
0
-1.25313e-18
0
-2.48484e-18
0
0
0
0
0
0
-3.52073e-18
-4.60946e-18
-4.58897e-18
0
0
0
0
0
0
0
0
0
0
0
0
0
0
0
-9.63735e-20
0
-3.22506e-18
0
9.63735e-20
0
1.08851e-18
-2.07144e-18
9.8295e-19
-2.05315e-18
0
0
0
2.97742e-18
0
-1.04783e-18
1.04341e-18
0
2.06929e-18
0
0
0
0
1.01307e-18
0
9.63735e-20
0
-9.96171e-19
0
8.91465e-19
0
0
9.63735e-20
0
0
0
-2.68508e-18
3.72471e-18
9.63735e-20
0
0
0
0
-9.63735e-20
0
0
0
0
9.12426e-19
0
0
0
0
-8.93663e-19
8.89963e-19
0
-2.55147e-18
0
-3.58543e-18
9.63735e-20
0
0
1.76144e-18
0
9.63735e-20
0
0
0
-2.6216e-18
9.63735e-20
8.98493e-19
-9.63735e-20
-8.91065e-19
8.87377e-19
0
-2.54378e-18
0
0
0
0
0
0
0
-1.60647e-18
-1.59946e-18
0
8.40958e-19
0
3.1435e-18
8.30639e-19
0
8.23839e-19
0
0
0
0
0
-1.60763e-18
4.41769e-18
2.29542e-18
0
0
0
9.63735e-20
0
0
0
-1.44694e-18
0
0
4.38105e-18
0
0
0
0
-9.63735e-20
0
-2.86748e-18
-2.75914e-18
-2.74723e-18
0
0
0
0
0
0
2.66538e-18
9.63735e-20
0
0
-1.3099e-18
0
0
1.29308e-18
9.63735e-20
-2.564e-18
0
-2.44566e-18
-9.63735e-20
0
0
0
0
2.381e-18
0
2.45621e-18
0
2.43525e-18
1.11605e-18
1.30362e-18
0
0
-9.63735e-20
1.18676e-18
-4.53406e-18
0
0
-2.33332e-18
-1.16169e-18
-9.63735e-20
-2.20728e-18
0
0
-1.1372e-18
2.26474e-18
1.12756e-18
0
-1.11801e-18
0
0
0
0
0
-1.08989e-18
0
0
0
-2.14315e-18
0
0
-9.63735e-20
0
9.63735e-20
0
9.63735e-20
9.39573e-19
9.63735e-20
-1.02725e-18
-1.02293e-18
0
-1.01434e-18
0
0
0
0
0
1.88178e-18
-2.76205e-18
0
8.80331e-19
9.72619e-19
9.63735e-20
0
3.74553e-18
0
9.52473e-19
9.63735e-20
0
-1.11199e-18
9.63735e-20
-1.00711e-18
-1.00288e-18
0
-9.63735e-20
9.63735e-20
-8.89794e-19
9.82038e-19
9.77927e-19
0
-9.69763e-19
0
0
0
-9.63735e-20
9.49683e-19
0
0
0
-9.63735e-20
-9.63735e-20
0
0
0
0
0
-8.10742e-19
-3.51704e-18
-3.50206e-18
2.49489e-18
1.68796e-18
2.56905e-18
9.63735e-20
2.54705e-18
0
0
0
0
-9.63735e-20
3.34178e-18
2.47162e-18
8.52471e-19
0
-8.45469e-19
0
-7.42158e-19
9.63735e-20
9.63735e-20
3.21661e-18
-8.24849e-19
8.21468e-19
-9.63735e-20
0
0
0
0
0
-7.98237e-19
7.94979e-19
0
-2.96129e-18
1.57059e-18
1.5642e-18
2.92292e-18
1.5515e-18
1.54519e-18
2.88508e-18
0
1.52645e-18
0
9.63735e-20
0
0
-1.39941e-18
0
0
-9.63735e-20
0
1.27308e-18
2.72709e-18
9.63735e-20
0
0
1.43656e-18
0
-1.32866e-18
-1.32294e-18
0
0
0
9.63735e-20
0
0
0
0
0
0
-9.63735e-20
1.25635e-18
-2.40556e-18
0
0
0
1.22968e-18
3.57688e-18
0
0
3.52998e-18
-9.63735e-20
-2.39697e-18
-2.29036e-18
0
3.45325e-18
9.63735e-20
0
0
-2.42272e-18
0
-2.21021e-18
2.2004e-18
-2.09426e-18
-3.22319e-18
2.26762e-18
0
2.2484e-18
9.63735e-20
0
9.63735e-20
1.10525e-18
-1.10057e-18
1.09591e-18
0
0
2.06774e-18
-9.63735e-20
0
0
0
-1.05939e-18
-1.05492e-18
1.05047e-18
-1.04605e-18
0
0
-1.03289e-18
-1.9607e-18
0
1.01991e-18
0
0
0
2.07048e-18
0
0
-2.13949e-18
0
0
0
0
-9.63735e-20
9.63735e-20
-1.03856e-18
0
0
-9.63735e-20
-1.946e-18
0
0
0
2.91604e-18
0
0
0
0
0
0
0
0
0
0
0
0
0
0
-3.57907e-18
0
0
-4.46336e-18
-9.63735e-20
0
0
0
-3.45536e-18
0
0
0
0
0
0
0
0
0
0
1.6463e-18
-3.27822e-18
-4.03169e-18
0
0
0
0
0
-8.43028e-19
0
0
0
0
0
0
0
0
0
0
0
8.02489e-19
1.59842e-18
0
0
0
0
0
0
0
0
0
0
0
0
0
0
-1.40731e-18
0
0
0
0
0
0
0
0
-9.63735e-20
0
0
0
0
0
0
0
-1.30763e-18
0
0
1.29084e-18
0
0
0
0
0
0
-2.50514e-18
0
0
0
0
0
0
0
0
2.31395e-18
0
0
0
2.36944e-18
0
0
0
0
0
-9.63735e-20
0
0
0
0
0
0
0
0
0
0
0
0
0
-9.63735e-20
0
-1.16614e-18
1.16117e-18
-1.15623e-18
0
0
2.09034e-18
-1.13669e-18
1.13186e-18
0
0
1.11751e-18
1.20915e-18
9.63735e-20
9.63735e-20
0
0
1.0894e-18
0
0
-2.05491e-18
-1.0711e-18
2.03677e-18
2.99346e-18
0
0
2.001e-18
1.04427e-18
0
2.07098e-18
0
0
0
-1.01818e-18
-9.63735e-20
-2.01928e-18
0
1.00118e-18
-2.7982e-18
-9.63735e-20
-1.88091e-18
0
0
0
0
0
-9.6408e-19
0
9.56045e-19
0
0
9.63735e-20
0
0
9.32381e-19
-2.59276e-18
0
-1.64884e-18
-9.63735e-20
0
-8.12996e-19
0
-9.0184e-19
9.63735e-20
-8.94381e-19
2.47929e-18
0
0
0
9.63735e-20
-1.64846e-18
0
0
-1.62695e-18
0
-2.46734e-18
0
0
-9.63735e-20
8.40595e-19
0
0
8.3028e-19
0
0
9.63735e-20
-9.13124e-19
-9.63735e-20
0
-1.61353e-18
0
0
0
0
-2.17855e-18
0
0
0
0
2.90516e-18
0
0
1.43378e-18
0
0
0
-1.40913e-18
0
-9.63735e-20
0
1.38492e-18
0
0
0
9.63735e-20
0
0
0
9.63735e-20
0
2.55633e-18
0
2.43718e-18
-1.30931e-18
0
0
0
9.63735e-20
0
1.27592e-18
0
-2.43362e-18
9.63735e-20
0
0
0
-1.23813e-18
0
0
-3.66691e-18
0
-1.21188e-18
-1.2067e-18
0
2.39284e-18
0
0
0
0
-9.63735e-20
0
0
-2.59718e-18
2.49009e-18
-9.63735e-20
0
0
2.44774e-18
-2.3409e-18
-9.63735e-20
0
1.20308e-18
-9.63735e-20
-9.63735e-20
0
0
0
0
0
0
0
2.20918e-18
0
-9.63735e-20
-1.13814e-18
0
-1.12849e-18
0
0
-1.11418e-18
0
2.11314e-18
-2.29653e-18
0
0
-1.08617e-18
9.63735e-20
0
0
0
0
0
-2.01254e-18
0
1.04558e-18
-1.04118e-18
0
-1.03243e-18
2.98788e-18
0
0
0
-9.63735e-20
9.63735e-20
0
-1.99646e-18
0
0
0
0
-9.63735e-20
-9.73408e-19
-9.69337e-19
0
0
0
-1.81011e-18
0
0
-3.57272e-18
-9.37446e-19
-9.33543e-19
0
0
-1.74751e-18
3.57606e-18
0
0
0
-9.63735e-20
0
-9.63735e-20
8.91781e-19
4.94304e-18
0
-1.66514e-18
0
-9.63735e-20
3.2868e-18
-9.63735e-20
0
0
-8.55626e-19
0
-8.48595e-19
9.63735e-20
-7.45255e-19
-1.57997e-18
0
-8.313e-19
0
0
0
3.07826e-18
0
0
0
8.04452e-19
-2.30712e-18
0
0
0
0
0
-1.56353e-18
0
0
2.89632e-18
0
0
-9.63735e-20
-4.36609e-18
1.41708e-18
0
0
-1.39878e-18
1.39273e-18
-9.63735e-20
0
-9.63735e-20
0
0
0
2.70239e-18
0
0
0
0
-1.32235e-18
0
-1.21462e-18
-1.40173e-18
0
1.29416e-18
1.19223e-18
3.8492e-18
0
0
0
-1.36468e-18
0
0
-9.63735e-20
0
0
-1.32977e-18
0
0
0
0
-9.63735e-20
0
0
1.28471e-18
1.37557e-18
0
0
0
0
1.15563e-18
-1.24664e-18
0
0
0
-1.22543e-18
0
0
0
0
0
0
2.18577e-18
0
0
0
0
0
0
-3.36636e-18
0
0
0
0
1.12992e-18
0
0
0
0
0
-2.20295e-18
-1.09681e-18
0
0
-9.63735e-20
0
-9.77433e-19
0
1.06475e-18
0
0
0
0
-1.04249e-18
0
-9.63735e-20
0
0
0
0
0
0
0
0
9.95293e-19
0
0
0
0
0
-1.84473e-18
0
0
3.73736e-18
0
0
0
0
0
0
-9.63735e-20
0
1.7498e-18
0
9.15431e-19
0
1.71932e-18
0
0
0
0
0
0
0
0
0
0
0
0
0
0
0
0
0
0
0
0
8.32321e-19
0
-1.55464e-18
0
0
0
0
0
0
0
0
0
0
-1.48189e-18
0
0
0
0
0
1.44375e-18
0
0
0
0
0
0
0
0
0
2.66865e-18
0
-9.63735e-20
0
1.47097e-18
-1.27184e-18
0
1.45192e-18
9.63735e-20
0
0
0
0
0
-1.31211e-18
0
1.39633e-18
9.63735e-20
0
0
0
0
0
0
0
0
0
0
0
0
0
0
0
-2.69135e-18
0
-1.28637e-18
1.18447e-18
0
0
-1.26443e-18
0
0
0
0
0
0
0
0
0
0
0
0
0
0
0
0
-9.63735e-20
0
0
0
0
-1.1508e-18
-3.34134e-18
0
0
9.63735e-20
0
1.12177e-18
0
1.0159e-18
0
0
0
0
0
9.8794e-19
3.14281e-18
0
-1.07062e-18
0
0
0
0
0
0
0
0
0
0
-2.04404e-18
0
9.63735e-20
0
0
0
0
0
0
-2.75945e-18
0
-9.75846e-19
0
9.67701e-19
-1.83094e-18
-1.82289e-18
-9.55625e-19
0
0
9.63735e-20
2.72298e-18
0
0
0
0
2.66481e-18
-9.63735e-20
0
0
-1.71403e-18
0
0
-1.69161e-18
0
-8.86605e-19
-9.63735e-20
9.63735e-20
9.63735e-20
0
0
0
-9.63735e-20
8.57736e-19
9.63735e-20
7.54312e-19
8.47185e-19
-8.437e-19
-9.63735e-20
0
2.30728e-18
-3.12694e-18
0
0
0
0
0
9.06104e-19
-1.51647e-18
0
0
0
-7.93329e-19
1.48382e-18
-4.33576e-18
9.63735e-20
-9.63735e-20
0
0
-3.13102e-18
0
0
0
8.17399e-19
0
0
2.22947e-18
-9.0048e-19
0
1.49873e-18
-1.49222e-18
0
2.95859e-18
0
0
0
0
0
0
0
0
0
0
1.31393e-18
2.80842e-18
0
2.68782e-18
-1.48246e-18
1.3801e-18
1.27777e-18
0
1.36231e-18
-1.35643e-18
0
1.44114e-18
1.2426e-18
9.63735e-20
0
0
0
2.6208e-18
-1.40114e-18
9.63735e-20
0
0
0
2.55396e-18
0
0
0
1.25522e-18
0
0
0
0
0
2.44664e-18
1.21809e-18
0
-9.63735e-20
3.51125e-18
-1.19741e-18
3.48052e-18
2.18168e-18
0
-9.63735e-20
-1.17209e-18
0
0
0
-1.05589e-18
0
0
0
-1.1328e-18
2.1596e-18
0
-9.63735e-20
0
0
0
0
9.63735e-20
3.17452e-18
3.06431e-18
0
0
0
2.13489e-18
0
0
0
0
-1.04512e-18
1.88869e-18
0
0
-1.95888e-18
0
0
0
-9.63735e-20
0
0
0
0
0
0
0
0
-1.94596e-18
9.63735e-20
9.64862e-19
0
0
0
0
-9.63735e-20
0
-9.63735e-20
9.63735e-20
0
-9.25385e-19
-9.21537e-19
0
0
0
3.43255e-18
0
0
0
8.91393e-19
4.14939e-18
0
0
0
0
-9.63735e-20
3.27094e-18
0
0
-2.46939e-18
-8.51733e-19
0
-7.48364e-19
0
0
0
0
0
0
3.34775e-18
0
0
0
0
0
0
0
0
0
0
0
-7.45926e-19
0
0
0
0
0
0
0
0
0
0
0
0
0
0
7.92023e-19
-9.63735e-20
0
0
0
0
0
-2.88619e-18
0
0
0
0
0
0
0
0
0
0
-4.03137e-18
9.63735e-20
-1.36407e-18
0
0
0
-2.68139e-18
0
0
0
0
-1.21571e-18
-1.30644e-18
-1.30083e-18
0
0
0
1.18225e-18
0
9.63735e-20
0
0
0
0
0
-2.37449e-18
0
0
0
-1.31081e-18
-9.63735e-20
0
0
0
0
0
0
0
0
0
0
0
0
0
0
0
0
0
0
9.63735e-20
0
1.10567e-18
0
0
0
0
0
0
0
2.13759e-18
1.06428e-18
0
0
0
0
1.04203e-18
0
0
0
0
0
0
1.01173e-18
0
0
0
0
0
-9.63735e-20
-9.82403e-19
0
0
-9.63735e-20
0
0
0
9.63735e-20
0
0
-9.42129e-19
-2.62186e-18
-9.34296e-19
0
0
0
0
2.64872e-18
0
0
-2.82988e-18
-9.63735e-20
0
-9.63234e-19
-4.60331e-18
0
1.80607e-18
0
0
0
-2.61363e-18
0
0
0
-9.63735e-20
3.47193e-18
0
-9.63735e-20
-9.04807e-19
9.63735e-20
-1.69827e-18
0
0
0
9.63735e-20
0
0
0
0
0
0
0
2.36875e-18
0
8.46818e-19
0
0
0
0
3.12551e-18
9.63735e-20
0
0
0
0
0
0
0
4.50789e-18
9.63735e-20
0
0
1.57308e-18
-1.4703e-18
0
0
4.25739e-18
2.88993e-18
1.53508e-18
0
0
0
0
0
-1.40176e-18
0
-9.63735e-20
0
-9.63735e-20
0
0
-1.35993e-18
0
0
0
9.63735e-20
2.66177e-18
1.32515e-18
0
2.62755e-18
0
-2.605e-18
9.63735e-20
0
-1.28578e-18
-2.56053e-18
0
0
0
0
0
0
-2.48467e-18
0
0
1.13008e-18
0
0
0
9.63735e-20
-2.40094e-18
-9.63735e-20
0
9.63735e-20
2.26385e-18
3.42888e-18
-4.48756e-18
0
0
-9.63735e-20
-2.20419e-18
-1.14539e-18
-2.28105e-18
0
9.63735e-20
-1.12605e-18
1.12127e-18
0
0
1.10707e-18
9.63735e-20
0
1.09306e-18
1.18481e-18
0
2.1585e-18
-1.07469e-18
-1.07015e-18
1.06563e-18
9.63735e-20
0
0
1.04776e-18
-9.63735e-20
-1.98152e-18
0
0
2.98128e-18
0
0
0
-9.12374e-19
0
-9.63735e-20
3.79166e-18
2.87941e-18
9.63735e-20
2.75815e-18
0
0
0
1.04466e-18
0
0
-1.03152e-18
0
0
1.94074e-18
0
0
0
0
0
0
0
8.88492e-19
-1.86511e-18
2.83354e-18
1.9451e-18
-1.8406e-18
-9.63735e-20
9.63735e-20
0
1.80844e-18
0
1.79259e-18
0
-9.63735e-20
-9.32726e-19
0
1.75359e-18
0
0
0
-2.53637e-18
0
0
0
-8.9471e-19
4.1659e-18
1.67826e-18
0
3.32722e-18
0
-7.76361e-19
-1.64189e-18
0
0
3.24094e-18
0
0
0
-2.53312e-18
8.40901e-19
0
0
-9.63735e-20
1.55798e-18
3.00601e-18
0
0
0
8.10373e-19
2.3248e-18
0
0
0
0
2.97013e-18
0
0
0
-1.55584e-18
0
0
0
0
9.63735e-20
0
0
0
2.80714e-18
0
-9.63735e-20
9.63735e-20
2.5662e-18
0
0
0
-2.71163e-18
0
1.34415e-18
0
-1.23622e-18
1.32686e-18
0
0
0
0
0
-2.58598e-18
0
-9.63735e-20
-1.18003e-18
0
0
-1.16368e-18
2.5093e-18
0
0
2.38082e-18
0
0
0
0
3.54064e-18
-1.20716e-18
0
-2.29737e-18
2.38353e-18
0
0
-9.63735e-20
0
3.30699e-18
1.16161e-18
-2.21696e-18
0
0
9.63735e-20
0
0
0
0
0
1.01682e-18
2.31332e-18
0
0
0
0
9.63735e-20
0
0
0
0
0
0
0
-9.52705e-19
0
0
0
9.63735e-20
0
0
0
0
0
9.90203e-19
0
-1.07741e-18
0
2.13664e-18
9.63735e-20
0
2.01333e-18
-9.63735e-20
9.63735e-20
9.63735e-20
0
-9.63735e-20
-1.02847e-18
0
0
0
9.63735e-20
0
0
0
3.88129e-18
0
2.76555e-18
-9.63735e-20
0
0
0
0
0
0
0
0
0
0
0
0
0
0
0
-1.74052e-18
0
9.10834e-19
-1.71773e-18
-9.03292e-19
3.40544e-18
0
3.37569e-18
3.36091e-18
0
1.66579e-18
0
0
0
9.63735e-20
1.6297e-18
8.5948e-19
2.37507e-18
0
-1.60144e-18
0
-9.63735e-20
0
0
0
0
0
0
9.14422e-19
0
0
8.08046e-19
-1.41674e-18
8.01456e-19
0
0
0
0
0
0
9.63735e-20
0
0
0
1.43619e-18
0
0
0
-9.63735e-20
9.63735e-20
0
0
0
0
0
0
0
0
0
1.24951e-18
2.68018e-18
9.63735e-20
0
-1.32285e-18
0
0
9.63735e-20
0
0
1.28909e-18
0
0
0
0
0
0
0
0
0
0
0
0
0
0
-2.4174e-18
0
0
0
0
0
0
0
-2.33613e-18
0
0
0
0
0
0
0
1.03254e-18
0
-1.21025e-18
-2.41015e-18
0
0
0
0
0
0
0
0
-9.63735e-20
0
-2.20316e-18
9.63735e-20
0
-2.17397e-18
-9.63735e-20
-1.12555e-18
0
0
1.01491e-18
3.22335e-18
0
0
0
3.16748e-18
0
0
0
0
0
0
-9.63735e-20
0
0
0
0
0
-9.63735e-20
0
0
0
0
-1.0083e-18
0
0
0
0
0
0
0
1.8536e-18
1.84545e-18
0
0
0
0
0
-9.46837e-19
0
0
0
-1.76594e-18
0
0
0
0
-1.82393e-18
0
0
0
1.69748e-18
0
0
0
9.63735e-20
0
0
0
0
0
0
0
0
0
0
0
1.58264e-18
0
0
-8.29207e-19
0
-3.09693e-18
0
0
0
-2.23436e-18
0
0
0
7.95896e-19
0
0
0
0
0
0
1.45059e-18
0
0
0
0
0
0
0
9.63735e-20
0
9.63735e-20
0
-1.37707e-18
0
0
-9.63735e-20
0
0
0
0
0
-2.64911e-18
1.31885e-18
2.62636e-18
0
1.39829e-18
0
0
0
9.63735e-20
0
0
0
2.51574e-18
1.25248e-18
0
0
0
0
1.2259e-18
0
0
)
;

boundaryField
{
    inlet
    {
        type            calculated;
        value           uniform 0;
    }
    outlet
    {
        type            calculated;
        value           uniform 0;
    }
    fixedWalls_bottom
    {
        type            calculated;
        value           uniform 0;
    }
    fixedWalls_top
    {
        type            calculated;
        value           uniform 0;
    }
    defaultFaces
    {
        type            empty;
    }
}


// ************************************************************************* //
